LaskarTimestep	time_years	ecc	obl	Lsp	Tsurf	SF12	ForcedConv	FreeConv	TotalSubl
 20501	     -500000	 0.053483653	32.703763755	-67.814367410	167.044816018	 0.990943818	         0.002280728	         0.001028237	         0.003308965
 20502	     -499000	 0.053288153	32.488620538	-59.367825181	166.789995119	 0.969175883	         0.002140796	         0.000965761	         0.003106557
 20503	     -498000	 0.053377802	32.256228450	-50.865905620	166.498755971	 0.945816896	         0.002018505	         0.000911653	         0.002930158
 20504	     -497000	 0.053647700	32.006039467	-42.223229794	166.168929972	 0.920865377	         0.001913634	         0.000865596	         0.002779230
 20505	     -496000	 0.054047376	31.738155109	-33.689989970	165.800124348	 0.894395368	         0.001814819	         0.000822342	         0.002637161
 20506	     -495000	 0.054631131	31.454701396	-25.262552658	165.397995926	 0.866687915	         0.001717812	         0.000779471	         0.002497283
 20507	     -494000	 0.055503104	31.154095440	-16.914646569	164.964733795	 0.837668777	         0.001616616	         0.000734859	         0.002351475
 20508	     -493000	 0.056285559	30.837897089	-8.625617696	164.497683147	 0.807579432	         0.001511990	         0.000688604	         0.002200595
 20509	     -492000	 0.057273798	30.508467070	-0.601773950	164.007480478	 0.776737083	         0.001395877	         0.000636468	         0.002032346
 20510	     -491000	 0.058303969	30.164542217	 7.329286080	163.497157637	 0.745122200	         0.001272983	         0.000581083	         0.001854066
 20511	     -490000	 0.059484652	29.808813997	15.267923373	162.965356916	 0.713084746	         0.001144326	         0.000522469	         0.001666795
 20512	     -489000	 0.060538153	29.442650094	23.011034297	162.415014435	 0.680845087	         0.001004020	         0.000458161	         0.001462181
 20513	     -488000	 0.061639490	29.066784175	30.704745155	161.846816422	 0.648562600	         0.000857954	         0.000390870	         0.001248824
 20514	     -487000	 0.062886122	28.683922654	38.224408913	161.264436528	 0.616555387	         0.000707738	         0.000321648	         0.001029385
 20515	     -486000	 0.064104852	28.293832465	45.936134667	160.661098977	 0.584881533	         0.000560099	         0.000253406	         0.000813505
 20516	     -485000	 0.065275801	27.899601971	53.414207966	160.047850580	 0.553879489	         0.000415850	         0.000186831	         0.000602681
 20517	     -484000	 0.066523121	27.502929228	60.816856720	159.422686832	 0.524166626	         0.000282616	         0.000125522	         0.000408138
 20518	     -483000	 0.067980414	27.102757701	68.326978207	158.780246288	 0.495806525	         0.000167054	         0.000072272	         0.000239326
 20519	     -482000	 0.069279862	26.702831910	75.589135537	158.129180010	 0.468996870	         0.000072335	         0.000029167	         0.000101501
 20520	     -481000	 0.070766927	26.303573924	82.822812481	157.463426146	 0.443678071	         0.000010082	         0.000002228	         0.000012310
 20521	     -480000	 0.072297673	25.904594183	90.011690551	156.779065315	 0.419742342	         0.000000000	         0.000000000	         0.000000000
 20522	     -479000	 0.073750478	25.509120825	97.135510913	156.078511765	 0.397291494	         0.000000000	         0.000000000	         0.000000000
 20523	     -478000	 0.075291017	25.116205047	104.020098171	155.353712142	 0.376175188	         0.000000000	         0.000000000	         0.000000000
 20524	     -477000	 0.076898065	24.726864180	110.918557181	154.596265912	 0.356358263	         0.000000000	         0.000000000	         0.000000000
 20525	     -476000	 0.078610144	24.343391493	117.769152026	153.798694963	 0.337860766	         0.000000000	         0.000000000	         0.000000000
 20526	     -475000	 0.080147059	23.964548390	124.453057477	152.924623189	 0.320529619	         0.000000000	         0.000000000	         0.000000000
 20527	     -474000	 0.081736300	23.592875073	131.020021714	151.940316943	 0.304390706	         0.000000000	         0.000000000	         0.000000000
 20528	     -473000	 0.083438263	23.229283684	137.468539094	150.666824638	 0.289389315	         0.000000000	         0.000000000	         0.000000000
 20529	     -472000	 0.085024744	22.873732872	143.925470048	149.335715118	 0.275434907	         0.000000000	         0.000000000	         0.000000000
 20530	     -471000	 0.086547933	22.529770671	150.195334867	149.334818393	 0.262576005	         0.000000000	         0.000000000	         0.000000000
 20531	     -470000	 0.088039061	22.197244271	156.361051185	149.333371200	 0.250715646	         0.000000000	         0.000000000	         0.000000000
 20532	     -469000	 0.089502226	21.877494687	162.561079922	149.331346378	 0.239816542	         0.000000000	         0.000000000	         0.000000000
 20533	     -468000	 0.090729618	21.573982193	168.627502878	149.328751849	 0.229909553	         0.000000000	         0.000000000	         0.000000000
 20534	     -467000	 0.091988770	21.286308398	174.612217699	149.325741123	 0.220897618	         0.000000000	         0.000000000	         0.000000000
 20535	     -466000	 0.093237521	21.016546235	-179.294602679	149.322198882	 0.212768003	         0.000000000	         0.000000000	         0.000000000
 20536	     -465000	 0.094204887	20.766837482	-173.280920725	149.318177726	 0.205509625	         0.000000000	         0.000000000	         0.000000000
 20537	     -464000	 0.095244397	20.537205881	-167.314968424	149.313830611	 0.199053588	         0.000000000	         0.000000000	         0.000000000
 20538	     -463000	 0.096312874	20.329546983	-161.363161225	149.309139337	 0.193390119	         0.000000000	         0.000000000	         0.000000000
 20539	     -462000	 0.097278858	20.143863604	-155.323193101	149.304005772	 0.188462585	         0.000000000	         0.000000000	         0.000000000
 20540	     -461000	 0.098254956	19.980760304	-149.424423734	149.298693600	 0.184237952	         0.000000000	         0.000000000	         0.000000000
 20541	     -460000	 0.099104240	19.841112321	-143.506292126	149.293072752	 0.180696183	         0.000000000	         0.000000000	         0.000000000
 20542	     -459000	 0.100206210	19.723633083	-137.617000694	149.287257376	 0.177769445	         0.000000000	         0.000000000	         0.000000000
 20543	     -458000	 0.101029490	19.628903216	-131.780502330	149.281272010	 0.175444018	         0.000000000	         0.000000000	         0.000000000
 20544	     -457000	 0.101843791	19.556180600	-125.984251201	149.275173829	 0.173679485	         0.000000000	         0.000000000	         0.000000000
 20545	     -456000	 0.102644204	19.504268931	-120.267447087	149.269052088	 0.172430773	         0.000000000	         0.000000000	         0.000000000
 20546	     -455000	 0.103279566	19.473503825	-114.469057938	149.262815731	 0.171694973	         0.000000000	         0.000000000	         0.000000000
 20547	     -454000	 0.103740329	19.461807786	-108.793202614	149.256766618	 0.171416067	         0.000000000	         0.000000000	         0.000000000
 20548	     -453000	 0.104099069	19.468549107	-103.074824993	149.250800193	 0.171576767	         0.000000000	         0.000000000	         0.000000000
 20549	     -452000	 0.104512313	19.493756510	-97.261009048	149.244896924	 0.172178997	         0.000000000	         0.000000000	         0.000000000
 20550	     -451000	 0.104488019	19.535143430	-91.476132378	149.239448277	 0.173172360	         0.000000000	         0.000000000	         0.000000000
 20551	     -450000	 0.104580432	19.592772102	-85.643813392	149.234273458	 0.174565108	         0.000000000	         0.000000000	         0.000000000
 20552	     -449000	 0.104597861	19.666035783	-79.761277806	149.229534962	 0.176351900	         0.000000000	         0.000000000	         0.000000000
 20553	     -448000	 0.104415746	19.753339038	-73.738059487	149.225341413	 0.178504995	         0.000000000	         0.000000000	         0.000000000
 20554	     -447000	 0.104213875	19.855322745	-67.798218820	149.221849554	 0.181053455	         0.000000000	         0.000000000	         0.000000000
 20555	     -446000	 0.103913767	19.970649858	-61.716485987	149.219050420	 0.183979215	         0.000000000	         0.000000000	         0.000000000
 20556	     -445000	 0.103632189	20.098451812	-55.561593016	149.217004760	 0.187276711	         0.000000000	         0.000000000	         0.000000000
 20557	     -444000	 0.103142396	20.239479855	-49.397543857	149.215954415	 0.190984096	         0.000000000	         0.000000000	         0.000000000
 20558	     -443000	 0.102594499	20.392340109	-43.180589867	149.215838501	 0.195085463	         0.000000000	         0.000000000	         0.000000000
 20559	     -442000	 0.102094276	20.556316961	-36.906770136	149.216620932	 0.199583065	         0.000000000	         0.000000000	         0.000000000
 20560	     -441000	 0.101418020	20.731396369	-30.501263454	149.218501705	 0.204499709	         0.000000000	         0.000000000	         0.000000000
 20561	     -440000	 0.100612810	20.916451762	-24.131887082	149.221401757	 0.209828232	         0.000000000	         0.000000000	         0.000000000
 20562	     -439000	 0.099801682	21.110735354	-17.707785438	149.225222180	 0.215571938	         0.000000000	         0.000000000	         0.000000000
 20563	     -438000	 0.098991063	21.313165946	-11.120461420	149.229990025	 0.221723814	         0.000000000	         0.000000000	         0.000000000
 20564	     -437000	 0.097988888	21.522641323	-4.589955745	149.235596741	 0.228274671	         0.000000000	         0.000000000	         0.000000000
 20565	     -436000	 0.097012296	21.738411815	 1.999400543	149.241886237	 0.235224812	         0.000000000	         0.000000000	         0.000000000
 20566	     -435000	 0.096112405	21.959199964	 8.708213249	149.248797557	 0.242555671	         0.000000000	         0.000000000	         0.000000000
 20567	     -434000	 0.094871947	22.183936174	15.425421999	149.256248686	 0.250252295	         0.000000000	         0.000000000	         0.000000000
 20568	     -433000	 0.093717211	22.411455413	22.149081502	149.263910846	 0.258293042	         0.000000000	         0.000000000	         0.000000000
 20569	     -432000	 0.092570945	22.641216795	28.915953590	149.271710263	 0.266675241	         0.000000000	         0.000000000	         0.000000000
 20570	     -431000	 0.091280719	22.872575902	35.851098345	149.279652425	 0.275390616	         0.000000000	         0.000000000	         0.000000000
 20571	     -430000	 0.089880819	23.104270285	42.752121722	150.810615410	 0.284404076	         0.000000000	         0.000000000	         0.000000000
 20572	     -429000	 0.088407314	23.336253064	49.761852521	151.667722837	 0.293724319	         0.000000000	         0.000000000	         0.000000000
 20573	     -428000	 0.087055942	23.568404303	56.828114803	152.326658707	 0.303357099	         0.000000000	         0.000000000	         0.000000000
 20574	     -427000	 0.085523656	23.800273683	64.050375750	152.887807801	 0.313293516	         0.000000000	         0.000000000	         0.000000000
 20575	     -426000	 0.084054184	24.031816180	71.371111583	153.390102528	 0.323540697	         0.000000000	         0.000000000	         0.000000000
 20576	     -425000	 0.082640209	24.262875673	78.704281287	153.848242284	 0.334100611	         0.000000000	         0.000000000	         0.000000000
 20577	     -424000	 0.081254428	24.494013611	86.283114421	154.274900442	 0.345008947	         0.000000000	         0.000000000	         0.000000000
 20578	     -423000	 0.079854296	24.725194202	93.752355689	154.682213895	 0.356275552	         0.000000000	         0.000000000	         0.000000000
 20579	     -422000	 0.078553475	24.955606627	101.346534410	155.071890703	 0.367870797	         0.000000000	         0.000000000	         0.000000000
 20580	     -421000	 0.077463566	25.186350218	109.066419876	155.448264856	 0.379860903	         0.000000000	         0.000000000	         0.000000000
 20581	     -420000	 0.076046534	25.417401988	116.810454550	155.807597929	 0.392258608	         0.000000000	         0.000000000	         0.000000000
 20582	     -419000	 0.074886169	25.647626042	124.541382536	156.166282644	 0.405014342	         0.000000000	         0.000000000	         0.000000000
 20583	     -418000	 0.073764864	25.877504820	132.342403219	156.525150019	 0.418164807	         0.000000000	         0.000000000	         0.000000000
 20584	     -417000	 0.072698089	26.106626624	140.330293506	156.882928400	 0.431696830	         0.000000037	         0.000000002	         0.000000039
 20585	     -416000	 0.071481174	26.334548067	148.230073918	157.246225463	 0.445592404	         0.000006898	         0.000000802	         0.000007700
 20586	     -415000	 0.070438602	26.560782398	156.299431877	157.610563224	 0.459827405	         0.000022722	         0.000006587	         0.000029309
 20587	     -414000	 0.069487040	26.784373933	164.407454804	157.978415631	 0.474342880	         0.000037512	         0.000012529	         0.000050041
 20588	     -413000	 0.068557237	27.005600883	172.584617908	158.356673260	 0.489155768	         0.000047625	         0.000016646	         0.000064271
 20589	     -412000	 0.067751789	27.223425841	-179.159080626	158.742016537	 0.504192758	         0.000051416	         0.000018192	         0.000069609
 20590	     -411000	 0.067111113	27.436839030	-170.906675002	159.141379334	 0.519373400	         0.000050419	         0.000017749	         0.000068168
 20591	     -410000	 0.066482115	27.646315655	-162.509726288	159.545797043	 0.534718444	         0.000044112	         0.000015114	         0.000059225
 20592	     -409000	 0.065904691	27.850601462	-154.211828413	159.950252031	 0.550119795	         0.000035850	         0.000011681	         0.000047531
 20593	     -408000	 0.065517944	28.049456228	-145.949687243	160.350328726	 0.565532271	         0.000026528	         0.000007834	         0.000034362
 20594	     -407000	 0.065332851	28.243228828	-137.516629651	160.749571167	 0.580843370	         0.000016642	         0.000003949	         0.000020592
 20595	     -406000	 0.064967014	28.430711575	-129.093539419	161.138709875	 0.595886209	         0.000008799	         0.000001212	         0.000010011
 20596	     -405000	 0.064812231	28.612340545	-120.827735272	161.516159994	 0.610671516	         0.000004178	         0.000000076	         0.000004254
 20597	     -404000	 0.064847606	28.788137444	-112.516470610	161.879158635	 0.625178525	         0.000001874	         0.000000000	         0.000001874
 20598	     -403000	 0.064893803	28.957411961	-104.127488074	162.225557356	 0.639327602	         0.000001787	         0.000000000	         0.000001787
 20599	     -402000	 0.065050817	29.120604728	-95.852665171	162.549524800	 0.653133553	         0.000004441	         0.000000092	         0.000004533
 20600	     -401000	 0.065326528	29.277183504	-87.650634931	162.847659536	 0.666530305	         0.000012091	         0.000002144	         0.000014235
 20601	     -400000	 0.065761510	29.427107531	-79.415707434	163.120654997	 0.679493653	         0.000027908	         0.000007973	         0.000035881
 20602	     -399000	 0.066134286	29.570418567	-71.395309280	163.360467111	 0.692007688	         0.000056314	         0.000019490	         0.000075805
 20603	     -398000	 0.066677957	29.705890532	-63.372382483	163.569645691	 0.703945614	         0.000099581	         0.000037925	         0.000137506
 20604	     -397000	 0.067321109	29.833968797	-55.517321169	163.748942511	 0.715327396	         0.000161146	         0.000064808	         0.000225954
 20605	     -396000	 0.067841888	29.954156486	-47.623770726	163.891835342	 0.726091007	         0.000245997	         0.000102538	         0.000348534
 20606	     -395000	 0.068446604	30.064871194	-39.894880808	164.001343182	 0.736076306	         0.000353656	         0.000151092	         0.000504748
 20607	     -394000	 0.069056594	30.166494758	-32.261133437	164.079209878	 0.745299939	         0.000487512	         0.000212113	         0.000699625
 20608	     -393000	 0.069830315	30.258005064	-24.580012009	164.126205777	 0.753652707	         0.000649779	         0.000286910	         0.000936689
 20609	     -392000	 0.070364828	30.338292323	-16.949489692	164.138934342	 0.761017296	         0.000842601	         0.000376523	         0.001219124
 20610	     -391000	 0.071069537	30.407452813	-9.422837673	164.126710048	 0.767388065	         0.001062546	         0.000479991	         0.001542537
 20611	     -390000	 0.071974637	30.464168161	-1.989558957	164.090632414	 0.772630764	         0.001309455	         0.000597465	         0.001906919
 20612	     -389000	 0.072694139	30.508252531	 5.597531740	164.030805844	 0.776717173	         0.001593542	         0.000733682	         0.002327224
 20613	     -388000	 0.073599872	30.539450689	12.910982524	163.956330837	 0.779615021	         0.001896923	         0.000880678	         0.002777601
 20614	     -387000	 0.074543853	30.556607757	20.224631820	163.862289225	 0.781210744	         0.002223069	         0.001040405	         0.003263474
 20615	     -386000	 0.075566540	30.560587332	27.486301600	163.751840520	 0.781581081	         0.002564418	         0.001210279	         0.003774697
 20616	     -385000	 0.076485975	30.550826221	34.596577097	163.624670252	 0.780672857	         0.002901975	         0.001379361	         0.004281336
 20617	     -384000	 0.077541059	30.526875215	41.661964832	163.481523437	 0.778446356	         0.003234210	         0.001547194	         0.004781404
 20618	     -383000	 0.078573765	30.489771046	48.661430888	163.327177210	 0.775002830	         0.003549269	         0.001708072	         0.005257340
 20619	     -382000	 0.079500041	30.438760556	55.635630547	163.160743471	 0.770280085	         0.003832371	         0.001854057	         0.005686428
 20620	     -381000	 0.080402545	30.374413693	62.482195433	162.985758890	 0.764341565	         0.004063038	         0.001974487	         0.006037525
 20621	     -380000	 0.081375338	30.297212191	69.296712439	162.802087935	 0.757244895	         0.004239727	         0.002067994	         0.006307721
 20622	     -379000	 0.082284373	30.206346938	76.185991488	162.668530295	 0.748932076	         0.004439254	         0.002185261	         0.006624515
 20623	     -378000	 0.083049984	30.103098249	82.990154027	162.411044290	 0.739539400	         0.004377965	         0.002142100	         0.006520065
 20624	     -377000	 0.083857725	29.987064110	89.737708666	162.265671205	 0.729051958	         0.004420176	         0.002176787	         0.006596963
 20625	     -376000	 0.084810534	29.857578588	96.491010331	161.987386081	 0.717435506	         0.004208253	         0.002054387	         0.006262640
 20626	     -375000	 0.085547898	29.716190947	103.293678277	161.767667054	 0.704857560	         0.004001093	         0.001946478	         0.005947571
 20627	     -374000	 0.086310245	29.561732534	109.980901135	161.540565254	 0.691245843	         0.003725164	         0.001802615	         0.005527779
 20628	     -373000	 0.087220885	29.394130740	116.615450043	161.306698273	 0.676630969	         0.003402831	         0.001636652	         0.005039483
 20629	     -372000	 0.087896304	29.214470266	123.340123235	161.135947825	 0.661147074	         0.003107424	         0.001496778	         0.004604203
 20630	     -371000	 0.088614506	29.021319542	129.933008314	160.824554977	 0.644714925	         0.002640846	         0.001251519	         0.003892364
 20631	     -370000	 0.089361930	28.815628023	136.537886158	160.636203612	 0.627464400	         0.002303138	         0.001091295	         0.003394433
 20632	     -369000	 0.090081311	28.597684364	143.171191562	160.369181161	 0.609470760	         0.001899222	         0.000891493	         0.002790715
 20633	     -368000	 0.090634649	28.366654751	149.716933363	160.084538497	 0.590721408	         0.001505903	         0.000699023	         0.002204926
 20634	     -367000	 0.091311248	28.124317198	156.301421281	159.727429745	 0.571418823	         0.001112005	         0.000505763	         0.001617769
 20635	     -366000	 0.092003515	27.870318059	162.767453622	159.414325236	 0.551629525	         0.000796303	         0.000356833	         0.001153136
 20636	     -365000	 0.092570801	27.604992693	169.371806482	159.093279119	 0.531655883	         0.000520079	         0.000228720	         0.000748799
 20637	     -364000	 0.093119552	27.330446081	175.827157039	158.748176920	 0.511749099	         0.000290482	         0.000123576	         0.000414059
 20638	     -363000	 0.093640067	27.046354091	-177.781266293	158.390830062	 0.491934549	         0.000112333	         0.000043555	         0.000155888
 20639	     -362000	 0.094269015	26.754330361	-171.315876311	158.019586528	 0.472366128	         0.000001833	         0.000000546	         0.000002379
 20640	     -361000	 0.094618814	26.456094150	-164.938958484	157.626989074	 0.453184599	         0.000000005	         0.000000000	         0.000000005
 20641	     -360000	 0.094987851	26.151951376	-158.573095958	157.208269863	 0.434425166	         0.000000000	         0.000000000	         0.000000000
 20642	     -359000	 0.095369622	25.844145517	-152.287201787	156.762384457	 0.416230289	         0.000000000	         0.000000000	         0.000000000
 20643	     -358000	 0.095473227	25.533561207	-145.888910310	156.285992477	 0.398643473	         0.000000000	         0.000000000	         0.000000000
 20644	     -357000	 0.095574329	25.221545497	-139.631422876	155.778281784	 0.381723790	         0.000000000	         0.000000000	         0.000000000
 20645	     -356000	 0.095678737	24.909951733	-133.296845744	155.237468334	 0.365543669	         0.000000000	         0.000000000	         0.000000000
 20646	     -355000	 0.095681203	24.598901010	-126.900619621	154.653123670	 0.350075799	         0.000000000	         0.000000000	         0.000000000
 20647	     -354000	 0.095478796	24.290557143	-120.577278446	154.025033020	 0.335388614	         0.000000000	         0.000000000	         0.000000000
 20648	     -353000	 0.095458718	23.985774359	-114.221628093	153.335822701	 0.321476709	         0.000000000	         0.000000000	         0.000000000
 20649	     -352000	 0.095398327	23.684513463	-107.865729250	152.562016478	 0.308292754	         0.000000000	         0.000000000	         0.000000000
 20650	     -351000	 0.095240376	23.389076636	-101.504116105	151.648046433	 0.295888920	         0.000000000	         0.000000000	         0.000000000
 20651	     -350000	 0.095096122	23.099399909	-95.173340010	150.285604429	 0.284211604	         0.000000000	         0.000000000	         0.000000000
 20652	     -349000	 0.094999252	22.816321285	-88.960469101	149.241329936	 0.273245626	         0.000000000	         0.000000000	         0.000000000
 20653	     -348000	 0.094841717	22.541726797	-82.657752735	149.236619907	 0.263012743	         0.000000000	         0.000000000	         0.000000000
 20654	     -347000	 0.094512503	22.274971487	-76.439575247	149.232592715	 0.253439084	         0.000000000	         0.000000000	         0.000000000
 20655	     -346000	 0.094194371	22.018276072	-70.308865275	149.229214212	 0.244555636	         0.000000000	         0.000000000	         0.000000000
 20656	     -345000	 0.093922140	21.772953009	-64.118712122	149.226432703	 0.236356895	         0.000000000	         0.000000000	         0.000000000
 20657	     -344000	 0.093300355	21.538672378	-57.930101235	149.224595815	 0.228783907	         0.000000000	         0.000000000	         0.000000000
 20658	     -343000	 0.092740138	21.318387692	-51.778747605	149.223496168	 0.221884805	         0.000000000	         0.000000000	         0.000000000
 20659	     -342000	 0.092169739	21.112794739	-45.610535095	149.223187607	 0.215633655	         0.000000000	         0.000000000	         0.000000000
 20660	     -341000	 0.091377557	20.922768657	-39.328442599	149.223844155	 0.210012553	         0.000000000	         0.000000000	         0.000000000
 20661	     -340000	 0.090607702	20.750964575	-33.105355782	149.225298768	 0.205056702	         0.000000000	         0.000000000	         0.000000000
 20662	     -339000	 0.089785060	20.597291952	-26.824862298	149.227596853	 0.200723039	         0.000000000	         0.000000000	         0.000000000
 20663	     -338000	 0.089049690	20.463408482	-20.398322624	149.230669631	 0.197022166	         0.000000000	         0.000000000	         0.000000000
 20664	     -337000	 0.088048229	20.351022249	-14.044232772	149.234610460	 0.193968263	         0.000000000	         0.000000000	         0.000000000
 20665	     -336000	 0.087204422	20.259465468	-7.571065312	149.239185494	 0.191515388	         0.000000000	         0.000000000	         0.000000000
 20666	     -335000	 0.086352283	20.189926936	-1.136674931	149.244328372	 0.189673145	         0.000000000	         0.000000000	         0.000000000
 20667	     -334000	 0.085383380	20.142635458	 5.477337224	149.250163308	 0.188430415	         0.000000000	         0.000000000	         0.000000000
 20668	     -333000	 0.084411295	20.117211449	12.081443414	149.256380516	 0.187765689	         0.000000000	         0.000000000	         0.000000000
 20669	     -332000	 0.083401064	20.113433214	18.708944067	149.262899298	 0.187667105	         0.000000000	         0.000000000	         0.000000000
 20670	     -331000	 0.082572941	20.130037738	25.472619980	149.269661429	 0.188100747	         0.000000000	         0.000000000	         0.000000000
 20671	     -330000	 0.081443003	20.167200157	32.335478137	149.276606286	 0.189074909	         0.000000000	         0.000000000	         0.000000000
 20672	     -329000	 0.080500513	20.223389509	39.240100701	149.283469060	 0.190557427	         0.000000000	         0.000000000	         0.000000000
 20673	     -328000	 0.079634605	20.296732395	46.215668489	149.290194533	 0.192510031	         0.000000000	         0.000000000	         0.000000000
 20674	     -327000	 0.078577853	20.387222098	53.398058906	149.296758640	 0.194946728	         0.000000000	         0.000000000	         0.000000000
 20675	     -326000	 0.077702044	20.492955878	60.513165202	149.302836493	 0.197833017	         0.000000000	         0.000000000	         0.000000000
 20676	     -325000	 0.076874934	20.612533407	67.807439301	149.308538912	 0.201148734	         0.000000000	         0.000000000	         0.000000000
 20677	     -324000	 0.076026922	20.745428963	75.252809962	149.313707723	 0.204898982	         0.000000000	         0.000000000	         0.000000000
 20678	     -323000	 0.075078032	20.889668314	82.739643953	149.318130600	 0.209048515	         0.000000000	         0.000000000	         0.000000000
 20679	     -322000	 0.074308601	21.044950268	90.312211677	149.321902779	 0.213609706	         0.000000000	         0.000000000	         0.000000000
 20680	     -321000	 0.073626079	21.210308968	98.027457036	149.324970728	 0.218576355	         0.000000000	         0.000000000	         0.000000000
 20681	     -320000	 0.072921001	21.384036563	105.993114824	149.327257908	 0.223918812	         0.000000000	         0.000000000	         0.000000000
 20682	     -319000	 0.072286571	21.566437244	113.968884955	149.328708258	 0.229668562	         0.000000000	         0.000000000	         0.000000000
 20683	     -318000	 0.071782063	21.755805647	122.015917729	149.329390813	 0.235794213	         0.000000000	         0.000000000	         0.000000000
 20684	     -317000	 0.071469228	21.951345971	130.242333881	149.329356378	 0.242291016	         0.000000000	         0.000000000	         0.000000000
 20685	     -316000	 0.071218657	22.152891551	138.541792199	149.328523052	 0.249174732	         0.000000000	         0.000000000	         0.000000000
 20686	     -315000	 0.071131593	22.358069468	146.863863896	149.326981411	 0.256383435	         0.000000000	         0.000000000	         0.000000000
 20687	     -314000	 0.071302845	22.566777481	155.194778428	149.324815932	 0.263930162	         0.000000000	         0.000000000	         0.000000000
 20688	     -313000	 0.071340423	22.778135986	163.633579606	149.321809049	 0.271799147	         0.000000000	         0.000000000	         0.000000000
 20689	     -312000	 0.071574712	22.989331129	171.928930362	149.318281500	 0.279896387	         0.000000000	         0.000000000	         0.000000000
 20690	     -311000	 0.072007583	23.200444603	-179.819118955	150.030729199	 0.288231581	         0.000000000	         0.000000000	         0.000000000
 20691	     -310000	 0.072435633	23.410285427	-171.337237843	151.128567458	 0.296762494	         0.000000000	         0.000000000	         0.000000000
 20692	     -309000	 0.072815138	23.616440169	-163.052700210	151.852382895	 0.305389388	         0.000000000	         0.000000000	         0.000000000
 20693	     -308000	 0.073357752	23.818722798	-154.748857363	152.478810092	 0.314097965	         0.000000000	         0.000000000	         0.000000000
 20694	     -307000	 0.074042058	24.015747619	-146.486384403	153.048989587	 0.322818866	         0.000000000	         0.000000000	         0.000000000
 20695	     -306000	 0.074696154	24.206766854	-138.105292044	153.581523918	 0.331505053	         0.000000000	         0.000000000	         0.000000000
 20696	     -305000	 0.075557625	24.391201100	-129.823929953	154.089667369	 0.340113509	         0.000000000	         0.000000000	         0.000000000
 20697	     -304000	 0.076377067	24.567896569	-121.626986070	154.568591982	 0.348570353	         0.000000000	         0.000000000	         0.000000000
 20698	     -303000	 0.077451680	24.737473639	-113.380141953	155.033250436	 0.356884177	         0.000000000	         0.000000000	         0.000000000
 20699	     -302000	 0.078480766	24.899335336	-105.303738132	155.474306034	 0.365004642	         0.000000000	         0.000000000	         0.000000000
 20700	     -301000	 0.079630201	25.052921120	-97.282718187	155.892384448	 0.372880687	         0.000000000	         0.000000000	         0.000000000
 20701	     -300000	 0.080903243	25.199214132	-89.348119639	156.286812617	 0.380540733	         0.000000000	         0.000000000	         0.000000000
 20702	     -299000	 0.081999178	25.337839010	-81.409543892	156.649785332	 0.387944420	         0.000000000	         0.000000000	         0.000000000
 20703	     -298000	 0.083175234	25.468650731	-73.690182950	156.983675744	 0.395062868	         0.000000000	         0.000000000	         0.000000000
 20704	     -297000	 0.084359125	25.592347749	-66.029577308	157.286378953	 0.401914266	         0.000000000	         0.000000000	         0.000000000
 20705	     -296000	 0.085667785	25.708550321	-58.264456530	157.556351289	 0.408458760	         0.000000000	         0.000000000	         0.000000000
 20706	     -295000	 0.086664229	25.817485501	-50.699569976	157.783635059	 0.414690701	         0.000000000	         0.000000000	         0.000000000
 20707	     -294000	 0.087846039	25.919110591	-43.181819527	157.978938921	 0.420590145	         0.000000000	         0.000000000	         0.000000000
 20708	     -293000	 0.089044832	26.013157496	-35.710862504	158.140853487	 0.426124412	         0.000000000	         0.000000000	         0.000000000
 20709	     -292000	 0.090119097	26.100038179	-28.243035392	158.265637676	 0.431301666	         0.000000000	         0.000000000	         0.000000000
 20710	     -291000	 0.091281225	26.179124500	-20.941232881	158.361237075	 0.436069121	         0.000000000	         0.000000000	         0.000000000
 20711	     -290000	 0.092364043	26.250520815	-13.661842040	158.423786237	 0.440418254	         0.000000000	         0.000000000	         0.000000000
 20712	     -289000	 0.093427792	26.314615124	-6.410964304	158.459785200	 0.444359519	         0.000000000	         0.000000000	         0.000000000
 20713	     -288000	 0.094440530	26.370908672	 0.704580500	158.474979365	 0.447850184	         0.000000000	         0.000000000	         0.000000000
 20714	     -287000	 0.095354683	26.419936858	 7.739381168	158.474595575	 0.450912669	         0.000000000	         0.000000000	         0.000000000
 20715	     -286000	 0.096341535	26.462101023	14.778502088	158.455969390	 0.453563146	         0.000000000	         0.000000000	         0.000000000
 20716	     -285000	 0.097090557	26.497298816	21.797651190	158.423360093	 0.455787638	         0.000000000	         0.000000000	         0.000000000
 20717	     -284000	 0.097818075	26.526481003	28.676732487	158.378296275	 0.457640215	         0.000000000	         0.000000000	         0.000000000
 20718	     -283000	 0.098556954	26.549898790	35.504944491	158.325868306	 0.459132294	         0.000000000	         0.000000000	         0.000000000
 20719	     -282000	 0.099219108	26.567924135	42.440036648	158.261616971	 0.460284103	         0.000014610	         0.000004128	         0.000018738
 20720	     -281000	 0.099755963	26.581636015	49.212976555	158.192374509	 0.461162219	         0.000044100	         0.000016878	         0.000060978
 20721	     -280000	 0.100294624	26.591081442	55.921878912	158.120559501	 0.461768083	         0.000082068	         0.000034150	         0.000116218
 20722	     -279000	 0.100914162	26.596933314	62.698414615	158.044479143	 0.462143843	         0.000126760	         0.000054918	         0.000181678
 20723	     -278000	 0.101266408	26.599884661	69.343949588	157.971120375	 0.462333470	         0.000173603	         0.000076635	         0.000250238
 20724	     -277000	 0.101672351	26.599985363	75.957946959	157.897259000	 0.462339942	         0.000220991	         0.000098938	         0.000319930
 20725	     -276000	 0.102092817	26.597920752	82.496887004	157.825892012	 0.462207278	         0.000267181	         0.000120482	         0.000387663
 20726	     -275000	 0.102279340	26.593967959	89.067544626	157.756847263	 0.461953393	         0.000309730	         0.000139876	         0.000449606
 20727	     -274000	 0.102499611	26.588266270	95.512695399	157.693522964	 0.461587424	         0.000345860	         0.000157007	         0.000502867
 20728	     -273000	 0.102528135	26.581350400	101.965558904	157.635013659	 0.461143911	         0.000371413	         0.000168630	         0.000540043
 20729	     -272000	 0.102638078	26.573195321	108.422531329	157.573384796	 0.460621475	         0.000385367	         0.000174857	         0.000560224
 20730	     -271000	 0.102473106	26.564087181	114.838346049	157.519799195	 0.460038682	         0.000383627	         0.000173565	         0.000557192
 20731	     -270000	 0.102354550	26.554255164	121.253168846	157.475050408	 0.459410400	         0.000371459	         0.000167451	         0.000538910
 20732	     -269000	 0.102296248	26.543607091	127.609299467	157.435973010	 0.458730937	         0.000350726	         0.000157322	         0.000508047
 20733	     -268000	 0.102037441	26.532518769	134.094495346	157.405449178	 0.458024451	         0.000321318	         0.000143103	         0.000464421
 20734	     -267000	 0.101773466	26.520840546	140.399582108	157.380864514	 0.457281555	         0.000286649	         0.000126520	         0.000413170
 20735	     -266000	 0.101483838	26.508664689	146.712390923	157.364930562	 0.456508286	         0.000247826	         0.000108104	         0.000355930
 20736	     -265000	 0.101260566	26.496190185	153.120811776	157.355516798	 0.455717407	         0.000205346	         0.000088079	         0.000293425
 20737	     -264000	 0.100774896	26.483131370	159.399299417	157.353573410	 0.454890950	         0.000158805	         0.000066476	         0.000225280
 20738	     -263000	 0.100357253	26.469649072	165.672694153	157.362625791	 0.454039265	         0.000111772	         0.000044969	         0.000156741
 20739	     -262000	 0.099913047	26.455669016	171.973360935	157.379390359	 0.453157820	         0.000064670	         0.000023779	         0.000088449
 20740	     -261000	 0.099306396	26.440969158	178.286988099	157.404982711	 0.452232837	         0.000019784	         0.000004725	         0.000024510
 20741	     -260000	 0.098684159	26.425632013	-175.482433393	157.442738396	 0.451269765	         0.000001796	         0.000000568	         0.000002364
 20742	     -259000	 0.098000006	26.409433762	-169.185655810	157.492954206	 0.450254849	         0.000000322	         0.000000077	         0.000000399
 20743	     -258000	 0.097239175	26.392335359	-162.822195829	157.548960311	 0.449186008	         0.000000000	         0.000000000	         0.000000000
 20744	     -257000	 0.096463176	26.374245346	-156.512997135	157.606626386	 0.448057944	         0.000000000	         0.000000000	         0.000000000
 20745	     -256000	 0.095611291	26.354847716	-150.189586488	157.668200836	 0.446851485	         0.000000000	         0.000000000	         0.000000000
 20746	     -255000	 0.094905072	26.334264963	-143.802229612	157.731987238	 0.445574869	         0.000000000	         0.000000000	         0.000000000
 20747	     -254000	 0.093973777	26.312121915	-137.376640101	157.796759785	 0.444205550	         0.000000000	         0.000000000	         0.000000000
 20748	     -253000	 0.093064129	26.288292216	-131.032088052	157.856500066	 0.442736630	         0.000000000	         0.000000000	         0.000000000
 20749	     -252000	 0.092270861	26.262756341	-124.693317508	157.912146085	 0.441167927	         0.000000000	         0.000000000	         0.000000000
 20750	     -251000	 0.091319608	26.234987488	-118.200660637	157.964576337	 0.439468359	         0.000000000	         0.000000000	         0.000000000
 20751	     -250000	 0.090287261	26.205101319	-111.797498010	158.003909535	 0.437646516	         0.000000000	         0.000000000	         0.000000000
 20752	     -249000	 0.089277888	26.172698150	-105.413547627	158.032477697	 0.435679771	         0.000000000	         0.000000000	         0.000000000
 20753	     -248000	 0.088256798	26.137283786	-98.874069580	158.050964866	 0.433540365	         0.000000000	         0.000000000	         0.000000000
 20754	     -247000	 0.087061563	26.099049544	-92.388261084	158.050207487	 0.431242400	         0.000000000	         0.000000000	         0.000000000
 20755	     -246000	 0.085937024	26.057439325	-85.807785548	158.032477048	 0.428755371	         0.000000000	         0.000000000	         0.000000000
 20756	     -245000	 0.084837261	26.012087405	-79.205416717	157.998799630	 0.426061034	         0.000000000	         0.000000000	         0.000000000
 20757	     -244000	 0.083570284	25.963060743	-72.432099440	157.940094864	 0.423167424	         0.000000000	         0.000000000	         0.000000000
 20758	     -243000	 0.082473098	25.909767900	-65.770256756	157.863372628	 0.420044307	         0.000000000	         0.000000000	         0.000000000
 20759	     -242000	 0.081257461	25.852258478	-59.000409889	157.762975348	 0.416699937	         0.000000000	         0.000000000	         0.000000000
 20760	     -241000	 0.080212915	25.790305687	-52.102418923	157.644169832	 0.413126958	         0.000000000	         0.000000000	         0.000000000
 20761	     -240000	 0.078985752	25.723396119	-45.225849260	157.501195975	 0.409302512	         0.000000000	         0.000000000	         0.000000000
 20762	     -239000	 0.077809760	25.652017403	-38.305855899	157.339788692	 0.405261638	         0.000000000	         0.000000000	         0.000000000
 20763	     -238000	 0.076746489	25.575793674	-31.354512297	157.160896007	 0.400990518	         0.000000000	         0.000000000	         0.000000000
 20764	     -237000	 0.075574847	25.494512236	-24.181605469	156.960606961	 0.396485575	         0.000000000	         0.000000000	         0.000000000
 20765	     -236000	 0.074357476	25.408542225	-17.128978698	156.744749535	 0.391775836	         0.000000000	         0.000000000	         0.000000000
 20766	     -235000	 0.073234805	25.317848233	-9.946566947	156.513496998	 0.386867928	         0.000000000	         0.000000000	         0.000000000
 20767	     -234000	 0.072168182	25.222592556	-2.545388764	156.271969951	 0.381779350	         0.000000000	         0.000000000	         0.000000000
 20768	     -233000	 0.070952499	25.122773472	 4.818408780	156.023555213	 0.376518797	         0.000000000	         0.000000000	         0.000000000
 20769	     -232000	 0.069936016	25.018740658	12.301997103	155.765788380	 0.371113302	         0.000000000	         0.000000000	         0.000000000
 20770	     -231000	 0.068973301	24.911019289	19.959323455	155.500171170	 0.365597917	         0.000000000	         0.000000000	         0.000000000
 20771	     -230000	 0.067997009	24.799561091	27.664641583	155.230597843	 0.359977472	         0.000000000	         0.000000000	         0.000000000
 20772	     -229000	 0.067151105	24.684901400	35.390531236	154.948143561	 0.354285737	         0.000000000	         0.000000000	         0.000000000
 20773	     -228000	 0.066404574	24.567622096	43.214197110	154.664251905	 0.348557054	         0.000000000	         0.000000000	         0.000000000
 20774	     -227000	 0.065653857	24.447706677	51.243808581	154.366996080	 0.342795373	         0.000000000	         0.000000000	         0.000000000
 20775	     -226000	 0.064951709	24.325966181	59.206724666	154.061758833	 0.337043418	         0.000000000	         0.000000000	         0.000000000
 20776	     -225000	 0.064316222	24.202554775	67.232864090	153.750871539	 0.331311021	         0.000000000	         0.000000000	         0.000000000
 20777	     -224000	 0.063895073	24.077650183	75.403386954	153.429254437	 0.325608531	         0.000000000	         0.000000000	         0.000000000
 20778	     -223000	 0.063424803	23.952189204	83.740377449	153.092500599	 0.319979445	         0.000000000	         0.000000000	         0.000000000
 20779	     -222000	 0.063026532	23.826103948	92.021320640	152.745331829	 0.314420389	         0.000000000	         0.000000000	         0.000000000
 20780	     -221000	 0.062815824	23.699807263	100.345313738	152.380026981	 0.308948831	         0.000000000	         0.000000000	         0.000000000
 20781	     -220000	 0.062794824	23.573951502	108.899672022	151.989750649	 0.303591096	         0.000000000	         0.000000000	         0.000000000
 20782	     -219000	 0.062824091	23.448913282	117.361595541	151.571094584	 0.298360177	         0.000000000	         0.000000000	         0.000000000
 20783	     -218000	 0.063038376	23.325311978	125.783973139	151.104379247	 0.293277959	         0.000000000	         0.000000000	         0.000000000
 20784	     -217000	 0.063548061	23.203501937	134.368671742	150.503185402	 0.288354097	         0.000000000	         0.000000000	         0.000000000
 20785	     -216000	 0.063922666	23.084272426	142.734028062	149.323531892	 0.283614615	         0.000000000	         0.000000000	         0.000000000
 20786	     -215000	 0.064617805	22.968865474	151.067261629	149.322251596	 0.279101289	         0.000000000	         0.000000000	         0.000000000
 20787	     -214000	 0.065394522	22.857430117	159.352650667	149.320297713	 0.274811455	         0.000000000	         0.000000000	         0.000000000
 20788	     -213000	 0.066235999	22.750743597	167.744935617	149.317631496	 0.270766228	         0.000000000	         0.000000000	         0.000000000
 20789	     -212000	 0.067152140	22.650412830	175.864595794	149.314446213	 0.267016337	         0.000000000	         0.000000000	         0.000000000
 20790	     -211000	 0.068139249	22.556723721	-175.963985569	149.310654545	 0.263561584	         0.000000000	         0.000000000	         0.000000000
 20791	     -210000	 0.069443814	22.470342526	-167.940219215	149.306479895	 0.260415927	         0.000000000	         0.000000000	         0.000000000
 20792	     -209000	 0.070617138	22.392214097	-159.815565426	149.301663321	 0.257603149	         0.000000000	         0.000000000	         0.000000000
 20793	     -208000	 0.071985370	22.322864136	-151.888184450	149.296533765	 0.255131877	         0.000000000	         0.000000000	         0.000000000
 20794	     -207000	 0.073458104	22.262747901	-144.068381244	149.291053760	 0.253008837	         0.000000000	         0.000000000	         0.000000000
 20795	     -206000	 0.075120855	22.212035729	-136.251320771	149.285189345	 0.251231651	         0.000000000	         0.000000000	         0.000000000
 20796	     -205000	 0.076737766	22.170958981	-128.643093562	149.279141887	 0.249801289	         0.000000000	         0.000000000	         0.000000000
 20797	     -204000	 0.078482218	22.139849133	-121.130412554	149.272894676	 0.248723413	         0.000000000	         0.000000000	         0.000000000
 20798	     -203000	 0.080369184	22.118414728	-113.637767311	149.266442670	 0.247983474	         0.000000000	         0.000000000	         0.000000000
 20799	     -202000	 0.082010663	22.106386947	-106.283407002	149.260057603	 0.247569226	         0.000000000	         0.000000000	         0.000000000
 20800	     -201000	 0.083790603	22.103921105	-99.101902423	149.253789454	 0.247484386	         0.000000000	         0.000000000	         0.000000000
 20801	     -200000	 0.085686492	22.110667977	-91.904583528	149.247579577	 0.247716589	         0.000000000	         0.000000000	         0.000000000
 20802	     -199000	 0.087488192	22.126492948	-84.673451494	149.241622407	 0.248262084	         0.000000000	         0.000000000	         0.000000000
 20803	     -198000	 0.089182195	22.151081704	-77.634370465	149.236222258	 0.249112055	         0.000000000	         0.000000000	         0.000000000
 20804	     -197000	 0.090949752	22.184204048	-70.570546328	149.231266147	 0.250261613	         0.000000000	         0.000000000	         0.000000000
 20805	     -196000	 0.092820032	22.225967428	-63.566359241	149.226900067	 0.251718634	         0.000000000	         0.000000000	         0.000000000
 20806	     -195000	 0.094580526	22.275899917	-56.587194676	149.223356403	 0.253471793	         0.000000000	         0.000000000	         0.000000000
 20807	     -194000	 0.096340585	22.333865163	-49.627717610	149.220684603	 0.255522308	         0.000000000	         0.000000000	         0.000000000
 20808	     -193000	 0.098168556	22.399929310	-42.788044175	149.218941896	 0.257879555	         0.000000000	         0.000000000	         0.000000000
 20809	     -192000	 0.099890725	22.473573327	-35.889283201	149.218322626	 0.260532901	         0.000000000	         0.000000000	         0.000000000
 20810	     -191000	 0.101491539	22.554538609	-29.109355819	149.218885886	 0.263481545	         0.000000000	         0.000000000	         0.000000000
 20811	     -190000	 0.103119931	22.642429967	-22.371864886	149.220559543	 0.266720215	         0.000000000	         0.000000000	         0.000000000
 20812	     -189000	 0.104762165	22.736553467	-15.542574495	149.223449556	 0.270232687	         0.000000000	         0.000000000	         0.000000000
 20813	     -188000	 0.106077970	22.836500981	-8.811766849	149.227642125	 0.274013149	         0.000000000	         0.000000000	         0.000000000
 20814	     -187000	 0.107434669	22.941096784	-2.088670295	150.228542224	 0.278026077	         0.000000000	         0.000000000	         0.000000000
 20815	     -186000	 0.108857953	23.049636574	 4.601140026	150.939419601	 0.282252467	         0.000000000	         0.000000000	         0.000000000
 20816	     -185000	 0.109993015	23.161433163	11.391258749	151.424683111	 0.286672850	         0.000000000	         0.000000000	         0.000000000
 20817	     -184000	 0.111154276	23.274779793	18.075142745	151.831441892	 0.291225200	         0.000000000	         0.000000000	         0.000000000
 20818	     -183000	 0.112174784	23.389163525	24.767088913	152.180287378	 0.295892493	         0.000000000	         0.000000000	         0.000000000
 20819	     -182000	 0.113292991	23.503736141	31.529888471	152.489445288	 0.300642480	         0.000000000	         0.000000000	         0.000000000
 20820	     -181000	 0.114098547	23.616823358	38.170783280	152.760567091	 0.305405654	         0.000000000	         0.000000000	         0.000000000
 20821	     -180000	 0.114960379	23.728200033	44.897340348	153.003441892	 0.310170537	         0.000000000	         0.000000000	         0.000000000
 20822	     -179000	 0.115733283	23.837101090	51.534811325	153.222864128	 0.314901380	         0.000000000	         0.000000000	         0.000000000
 20823	     -178000	 0.116291999	23.942451895	58.238455679	153.415144530	 0.319546650	         0.000000000	         0.000000000	         0.000000000
 20824	     -177000	 0.116752823	24.044306989	64.896406369	153.587191295	 0.324102924	         0.000000000	         0.000000000	         0.000000000
 20825	     -176000	 0.117113408	24.141974794	71.546340623	153.739541294	 0.328532890	         0.000000000	         0.000000000	         0.000000000
 20826	     -175000	 0.117516548	24.235187222	78.283318756	153.876590687	 0.332817231	         0.000000000	         0.000000000	         0.000000000
 20827	     -174000	 0.117497825	24.323989648	84.966749026	154.000463159	 0.336950832	         0.000000000	         0.000000000	         0.000000000
 20828	     -173000	 0.117583481	24.407713955	91.663245088	154.110656505	 0.340895064	         0.000000000	         0.000000000	         0.000000000
 20829	     -172000	 0.117702337	24.486545874	98.375414067	154.210848747	 0.344651009	         0.000000000	         0.000000000	         0.000000000
 20830	     -171000	 0.117448939	24.560379233	105.125170560	154.301378490	 0.348206318	         0.000000000	         0.000000000	         0.000000000
 20831	     -170000	 0.117294616	24.628515563	111.794927404	154.384662485	 0.351519829	         0.000000000	         0.000000000	         0.000000000
 20832	     -169000	 0.117051204	24.691056478	118.488750371	154.454757116	 0.354588978	         0.000000000	         0.000000000	         0.000000000
 20833	     -168000	 0.116694469	24.747679595	125.220845564	154.513270962	 0.357390822	         0.000000005	         0.000000000	         0.000000005
 20834	     -167000	 0.116144314	24.797742697	131.875763886	154.570222240	 0.359886497	         0.000000110	         0.000000018	         0.000000128
 20835	     -166000	 0.115557965	24.841092169	138.527230329	154.621865238	 0.362061567	         0.000000267	         0.000000062	         0.000000329
 20836	     -165000	 0.114953875	24.877326778	145.204853870	154.669632778	 0.363889730	         0.000000243	         0.000000059	         0.000000302
 20837	     -164000	 0.114064495	24.906202684	151.887366120	154.708477925	 0.365353228	         0.000000056	         0.000000007	         0.000000063
 20838	     -163000	 0.113160022	24.927437228	158.570460530	154.744857418	 0.366433198	         0.000000011	         0.000000000	         0.000000011
 20839	     -162000	 0.112205950	24.940877468	165.212851485	154.775600040	 0.367118406	         0.000000000	         0.000000000	         0.000000000
 20840	     -161000	 0.111128841	24.946788821	171.954724633	154.804076514	 0.367420183	         0.000000000	         0.000000000	         0.000000000
 20841	     -160000	 0.109982723	24.945086042	178.648317645	154.826538399	 0.367333230	         0.000000000	         0.000000000	         0.000000000
 20842	     -159000	 0.108782538	24.936099830	-174.666274991	154.853193182	 0.366874686	         0.000000000	         0.000000000	         0.000000000
 20843	     -158000	 0.107715009	24.920407394	-167.903733872	154.880944955	 0.366075314	         0.000000000	         0.000000000	         0.000000000
 20844	     -157000	 0.106270321	24.898263706	-161.189282645	154.899675150	 0.364950276	         0.000000000	         0.000000000	         0.000000000
 20845	     -156000	 0.104922200	24.870426901	-154.498520536	154.916384411	 0.363540897	         0.000000000	         0.000000000	         0.000000000
 20846	     -155000	 0.103729263	24.837516634	-147.811480016	154.924634439	 0.361881667	         0.000000000	         0.000000000	         0.000000000
 20847	     -154000	 0.102168826	24.799988809	-141.049107898	154.925598968	 0.359998874	         0.000000000	         0.000000000	         0.000000000
 20848	     -153000	 0.100670931	24.758772243	-134.374251356	154.921835224	 0.357942300	         0.000000000	         0.000000000	         0.000000000
 20849	     -152000	 0.099050831	24.714288333	-127.673192223	154.910331220	 0.355735877	         0.000000000	         0.000000000	         0.000000000
 20850	     -151000	 0.097504847	24.666984470	-120.928289197	154.892404235	 0.353404503	         0.000000000	         0.000000000	         0.000000000
 20851	     -150000	 0.095713095	24.617669046	-114.195970824	154.861760194	 0.350990254	         0.000000000	         0.000000000	         0.000000000
 20852	     -149000	 0.094027396	24.566731161	-107.364459453	154.827177385	 0.348513892	         0.000000000	         0.000000000	         0.000000000
 20853	     -148000	 0.092350801	24.514663224	-100.601377313	154.778710293	 0.346000648	         0.000000000	         0.000000000	         0.000000000
 20854	     -147000	 0.090555507	24.461999598	-93.694027070	154.721627789	 0.343477087	         0.000000000	         0.000000000	         0.000000000
 20855	     -146000	 0.088844758	24.409155167	-86.883208268	154.657685922	 0.340963362	         0.000000000	         0.000000000	         0.000000000
 20856	     -145000	 0.087160066	24.356869149	-80.031519317	154.578830666	 0.338494306	         0.000000000	         0.000000000	         0.000000000
 20857	     -144000	 0.085545294	24.305603580	-73.072406637	154.495291119	 0.336090799	         0.000000000	         0.000000000	         0.000000000
 20858	     -143000	 0.083716342	24.255741123	-66.165386214	154.400489380	 0.333769447	         0.000000000	         0.000000000	         0.000000000
 20859	     -142000	 0.082025317	24.208367750	-59.274259003	154.298101972	 0.331578829	         0.000000000	         0.000000000	         0.000000000
 20860	     -141000	 0.080457978	24.164038814	-52.329228644	154.193588924	 0.329542014	         0.000000000	         0.000000000	         0.000000000
 20861	     -140000	 0.078696245	24.123134581	-45.216632012	154.084830914	 0.327673657	         0.000000000	         0.000000000	         0.000000000
 20862	     -139000	 0.076969496	24.086768000	-38.227399418	153.978996625	 0.326021461	         0.000000000	         0.000000000	         0.000000000
 20863	     -138000	 0.075366589	24.055487843	-31.109108763	153.878193721	 0.324607016	         0.000000000	         0.000000000	         0.000000000
 20864	     -137000	 0.073717305	24.029761119	-23.857142940	153.785429140	 0.323448290	         0.000000000	         0.000000000	         0.000000000
 20865	     -136000	 0.072128219	24.010365752	-16.608955727	153.700462781	 0.322577462	         0.000000000	         0.000000000	         0.000000000
 20866	     -135000	 0.070672647	23.997586095	-9.235159750	153.626927123	 0.322004953	         0.000000000	         0.000000000	         0.000000000
 20867	     -134000	 0.069340845	23.991884948	-1.796399738	153.572711331	 0.321749878	         0.000000000	         0.000000000	         0.000000000
 20868	     -133000	 0.067942036	23.993669277	 5.696256998	153.541267953	 0.321829689	         0.000000000	         0.000000000	         0.000000000
 20869	     -132000	 0.066729839	24.002764835	13.248810693	153.527907352	 0.322236830	         0.000000000	         0.000000000	         0.000000000
 20870	     -131000	 0.065701973	24.019470099	20.755278576	153.533617157	 0.322985943	         0.000000000	         0.000000000	         0.000000000
 20871	     -130000	 0.064694497	24.043863929	28.501796313	153.560919501	 0.324082964	         0.000000000	         0.000000000	         0.000000000
 20872	     -129000	 0.063656618	24.075520037	36.212048969	153.601719312	 0.325512136	         0.000000000	         0.000000000	         0.000000000
 20873	     -128000	 0.062814077	24.114552563	43.884172650	153.655565183	 0.327283008	         0.000000000	         0.000000000	         0.000000000
 20874	     -127000	 0.062190036	24.160709998	51.712946281	153.726455123	 0.329389569	         0.000000000	         0.000000000	         0.000000000
 20875	     -126000	 0.061444730	24.213616146	59.658084167	153.806676785	 0.331820813	         0.000000000	         0.000000000	         0.000000000
 20876	     -125000	 0.060905279	24.273210693	67.612219870	153.896490577	 0.334580914	         0.000000000	         0.000000000	         0.000000000
 20877	     -124000	 0.060605483	24.338983445	75.549732808	154.001134451	 0.337653816	         0.000000000	         0.000000000	         0.000000000
 20878	     -123000	 0.060322707	24.410708946	83.744650553	154.114527448	 0.341037009	         0.000000000	         0.000000000	         0.000000000
 20879	     -122000	 0.060240268	24.488082597	91.730660396	154.235401181	 0.344724636	         0.000000000	         0.000000000	         0.000000000
 20880	     -121000	 0.060310521	24.570445804	99.843564380	154.365657664	 0.348693888	         0.000000000	         0.000000000	         0.000000000
 20881	     -120000	 0.060615009	24.657823538	107.946702881	154.506388904	 0.352954775	         0.000000000	         0.000000000	         0.000000000
 20882	     -119000	 0.060830186	24.749662816	115.985485139	154.648555699	 0.357489357	         0.000000000	         0.000000000	         0.000000000
 20883	     -118000	 0.061370590	24.845188461	123.980184656	154.790384910	 0.362267778	         0.000000000	         0.000000000	         0.000000000
 20884	     -117000	 0.061949112	24.944408877	131.926993379	154.945277235	 0.367298656	         0.000000000	         0.000000000	         0.000000000
 20885	     -116000	 0.062656318	25.046557463	139.966530563	155.111944539	 0.372551002	         0.000000000	         0.000000000	         0.000000000
 20886	     -115000	 0.063344079	25.150981367	147.884613261	155.285596344	 0.377997987	         0.000000000	         0.000000000	         0.000000000
 20887	     -114000	 0.064212536	25.257231565	155.720333812	155.466950148	 0.383621982	         0.000000000	         0.000000000	         0.000000000
 20888	     -113000	 0.065340905	25.364427051	163.588820020	155.658931472	 0.389380813	         0.000000000	         0.000000000	         0.000000000
 20889	     -112000	 0.066309641	25.472179031	171.506143729	155.862699477	 0.395256667	         0.000000000	         0.000000000	         0.000000000
 20890	     -111000	 0.067510544	25.579401868	179.246661016	156.075911373	 0.401191680	         0.000000000	         0.000000000	         0.000000000
 20891	     -110000	 0.068855438	25.685201799	-173.098507467	156.304381453	 0.407135278	         0.000000000	         0.000000000	         0.000000000
 20892	     -109000	 0.070223869	25.789257696	-165.346901108	156.543785626	 0.413066782	         0.000000000	         0.000000000	         0.000000000
 20893	     -108000	 0.071659924	25.890183728	-157.827053040	156.787209021	 0.418902417	         0.000000000	         0.000000000	         0.000000000
 20894	     -107000	 0.073248299	25.987304624	-150.343952519	157.031973381	 0.424595861	         0.000000000	         0.000000000	         0.000000000
 20895	     -106000	 0.074795665	26.080124831	-142.820398658	157.280269128	 0.430109493	         0.000000000	         0.000000000	         0.000000000
 20896	     -105000	 0.076303131	26.167376330	-135.424019480	157.526897883	 0.435357603	         0.000000000	         0.000000000	         0.000000000
 20897	     -104000	 0.077944678	26.249028824	-128.132242408	157.771953352	 0.440326927	         0.000000000	         0.000000000	         0.000000000
 20898	     -103000	 0.079653700	26.324399442	-120.835778795	158.009898297	 0.444964268	         0.000000000	         0.000000000	         0.000000000
 20899	     -102000	 0.081245405	26.392558106	-113.497879067	158.242763657	 0.449199916	         0.000000000	         0.000000000	         0.000000000
 20900	     -101000	 0.082905851	26.454010751	-106.255601474	158.464371024	 0.453053379	         0.000000000	         0.000000000	         0.000000000
 20901	     -100000	 0.084561943	26.508018289	-99.117519156	158.670136019	 0.456467271	         0.000000000	         0.000000000	         0.000000000
 20902	      -99000	 0.086389596	26.554242789	-91.905895043	158.861540962	 0.459409609	         0.000000000	         0.000000000	         0.000000000
 20903	      -98000	 0.088081511	26.593184343	-84.744085779	159.027465009	 0.461903079	         0.000000000	         0.000000000	         0.000000000
 20904	      -97000	 0.089787700	26.624056541	-77.666208382	159.171285825	 0.463889473	         0.000000000	         0.000000000	         0.000000000
 20905	      -96000	 0.091655547	26.647071155	-70.662619373	159.289693620	 0.465375846	         0.000000000	         0.000000000	         0.000000000
 20906	      -95000	 0.093266542	26.662376195	-63.605205688	159.372709221	 0.466366941	         0.000000000	         0.000000000	         0.000000000
 20907	      -94000	 0.094958482	26.669034293	-56.669115065	159.425945086	 0.466798752	         0.000000000	         0.000000000	         0.000000000
 20908	      -93000	 0.096624922	26.667533742	-49.773580760	159.446338008	 0.466701399	         0.000000000	         0.000000000	         0.000000000
 20909	      -92000	 0.098202523	26.657526368	-42.752537474	159.430634645	 0.466052657	         0.000000000	         0.000000000	         0.000000000
 20910	      -91000	 0.099606850	26.638211146	-35.896984838	159.380473718	 0.464803069	         0.000000000	         0.000000000	         0.000000000
 20911	      -90000	 0.101130171	26.610110151	-28.990237958	159.296268172	 0.462991072	         0.000000000	         0.000000000	         0.000000000
 20912	      -89000	 0.102664151	26.572540978	-22.129805873	159.183622482	 0.460579581	         0.000000000	         0.000000000	         0.000000000
 20913	      -88000	 0.103938334	26.525369198	-15.179889311	159.035578830	 0.457569496	         0.000000000	         0.000000000	         0.000000000
 20914	      -87000	 0.105376627	26.469033618	-8.342102924	158.862279656	 0.454000424	         0.000000000	         0.000000000	         0.000000000
 20915	      -86000	 0.106668109	26.402954897	-1.543456330	158.667574869	 0.449849548	         0.000000000	         0.000000000	         0.000000000
 20916	      -85000	 0.108043764	26.327790236	 5.312996708	158.457319588	 0.445174038	         0.000000000	         0.000000000	         0.000000000
 20917	      -84000	 0.109259935	26.244140463	12.093140301	158.227289487	 0.440027834	         0.000000000	         0.000000000	         0.000000000
 20918	      -83000	 0.110408185	26.151993854	18.843266466	157.983431610	 0.434427732	         0.000000000	         0.000000000	         0.000000000
 20919	      -82000	 0.111609594	26.052463392	25.574114090	157.728751435	 0.428458923	         0.000000000	         0.000000000	         0.000000000
 20920	      -81000	 0.112501109	25.946124628	32.336435922	157.462239273	 0.422172409	         0.000000000	         0.000000000	         0.000000000
 20921	      -80000	 0.113406621	25.833775016	38.994944817	157.187904194	 0.415630725	         0.000000000	         0.000000000	         0.000000000
 20922	      -79000	 0.114262012	25.716485790	45.670824323	156.907630220	 0.408909551	         0.000000000	         0.000000000	         0.000000000
 20923	      -78000	 0.114959478	25.594536256	52.460908210	156.620048590	 0.402036548	         0.000000000	         0.000000000	         0.000000000
 20924	      -77000	 0.115469999	25.469291967	59.116301864	156.328704140	 0.395098082	         0.000000000	         0.000000000	         0.000000000
 20925	      -76000	 0.116021941	25.341276495	65.800550868	156.037732210	 0.388129828	         0.000000000	         0.000000000	         0.000000000
 20926	      -75000	 0.116517503	25.210584791	72.546362805	155.742386980	 0.381142662	         0.000000000	         0.000000000	         0.000000000
 20927	      -74000	 0.116826335	25.078499544	79.258085071	155.447544614	 0.374208787	         0.000000000	         0.000000000	         0.000000000
 20928	      -73000	 0.117170715	24.945015705	85.940955413	155.151102649	 0.367329639	         0.000000000	         0.000000000	         0.000000000
 20929	      -72000	 0.117469291	24.810374084	92.589489467	154.856114766	 0.360518927	         0.000000000	         0.000000000	         0.000000000
 20930	      -71000	 0.117543929	24.675477741	99.298374357	154.558808416	 0.353821966	         0.000000000	         0.000000000	         0.000000000
 20931	      -70000	 0.117618325	24.539939096	105.940208940	154.257107941	 0.347218406	         0.000000000	         0.000000000	         0.000000000
 20932	      -69000	 0.117522174	24.404474741	112.524463742	153.954708225	 0.340741610	         0.000000000	         0.000000000	         0.000000000
 20933	      -68000	 0.117449283	24.269751992	119.183202480	153.647365430	 0.334420100	         0.000000000	         0.000000000	         0.000000000
 20934	      -67000	 0.117090878	24.135524532	125.821109120	153.321414357	 0.328238464	         0.000000000	         0.000000000	         0.000000000
 20935	      -66000	 0.116695719	24.003138132	132.442937564	152.994697591	 0.322253551	         0.000000000	         0.000000000	         0.000000000
 20936	      -65000	 0.116303997	23.872912780	139.025205085	152.662712871	 0.316472812	         0.000000000	         0.000000000	         0.000000000
 20937	      -64000	 0.115626432	23.745097477	145.748638834	152.316817444	 0.310899904	         0.000000000	         0.000000000	         0.000000000
 20938	      -63000	 0.114999642	23.621418574	152.379810965	151.958902817	 0.305600790	         0.000000000	         0.000000000	         0.000000000
 20939	      -62000	 0.114283649	23.501979354	159.003532598	151.581736136	 0.300569074	         0.000000000	         0.000000000	         0.000000000
 20940	      -61000	 0.113531030	23.387438017	165.788285431	151.179700372	 0.295821533	         0.000000000	         0.000000000	         0.000000000
 20941	      -60000	 0.112551005	23.279325931	172.409679135	150.737053044	 0.291409287	         0.000000000	         0.000000000	         0.000000000
 20942	      -59000	 0.111658036	23.177564718	179.133667452	150.184992188	 0.287316374	         0.000000000	         0.000000000	         0.000000000
 20943	      -58000	 0.110711029	23.082932068	-174.188779185	149.324530401	 0.283561780	         0.000000000	         0.000000000	         0.000000000
 20944	      -57000	 0.109515538	22.996088468	-167.406446767	149.318116489	 0.280159408	         0.000000000	         0.000000000	         0.000000000
 20945	      -56000	 0.108363066	22.916897378	-160.680149192	149.311490755	 0.277092447	         0.000000000	         0.000000000	         0.000000000
 20946	      -55000	 0.107077802	22.845945713	-153.941067852	149.304606592	 0.274373115	         0.000000000	         0.000000000	         0.000000000
 20947	      -54000	 0.105870971	22.782890099	-147.097706932	149.297476105	 0.271978817	         0.000000000	         0.000000000	         0.000000000
 20948	      -53000	 0.104417335	22.727644816	-140.251906593	149.290223897	 0.269898264	         0.000000000	         0.000000000	         0.000000000
 20949	      -52000	 0.102994626	22.680345848	-133.366406660	149.282930479	 0.268129623	         0.000000000	         0.000000000	         0.000000000
 20950	      -51000	 0.101645415	22.640205081	-126.436007151	149.275661810	 0.266637742	         0.000000000	         0.000000000	         0.000000000
 20951	      -50000	 0.100119271	22.607092644	-119.417466034	149.268481277	 0.265413327	         0.000000000	         0.000000000	         0.000000000
 20952	      -49000	 0.098719944	22.580843085	-112.431172354	149.261591362	 0.264446681	         0.000000000	         0.000000000	         0.000000000
 20953	      -48000	 0.097327639	22.560765671	-105.413531728	149.255038745	 0.263709703	         0.000000000	         0.000000000	         0.000000000
 20954	      -47000	 0.095885444	22.546799816	-98.199139184	149.248806693	 0.263198272	         0.000000000	         0.000000000	         0.000000000
 20955	      -46000	 0.094317785	22.538581050	-91.111280432	149.243354089	 0.262897764	         0.000000000	         0.000000000	         0.000000000
 20956	      -45000	 0.092896913	22.535811908	-83.975039159	149.238520945	 0.262796591	         0.000000000	         0.000000000	         0.000000000
 20957	      -44000	 0.091485680	22.538513383	-76.684787866	149.234397080	 0.262895291	         0.000000000	         0.000000000	         0.000000000
 20958	      -43000	 0.089945496	22.546225509	-69.303197442	149.231229982	 0.263177262	         0.000000000	         0.000000000	         0.000000000
 20959	      -42000	 0.088494078	22.558982839	-61.940482079	149.229037540	 0.263644360	         0.000000000	         0.000000000	         0.000000000
 20960	      -41000	 0.087043053	22.576574128	-54.500406596	149.227882822	 0.264289809	         0.000000000	         0.000000000	         0.000000000
 20961	      -40000	 0.085663300	22.598675755	-46.906747096	149.227762748	 0.265102989	         0.000000000	         0.000000000	         0.000000000
 20962	      -39000	 0.084406687	22.625248227	-39.268699058	149.228690461	 0.266083977	         0.000000000	         0.000000000	         0.000000000
 20963	      -38000	 0.083106709	22.655842399	-31.584854197	149.230768535	 0.267217933	         0.000000000	         0.000000000	         0.000000000
 20964	      -37000	 0.082107173	22.690279986	-23.777141751	149.233757721	 0.268500125	         0.000000000	         0.000000000	         0.000000000
 20965	      -36000	 0.080938392	22.728272811	-15.967998783	149.237879693	 0.269921825	         0.000000000	         0.000000000	         0.000000000
 20966	      -35000	 0.079978433	22.769121224	-8.166579713	149.242782169	 0.271458781	         0.000000000	         0.000000000	         0.000000000
 20967	      -34000	 0.079200362	22.812710091	-0.359243973	149.248387888	 0.273108503	         0.000000000	         0.000000000	         0.000000000
 20968	      -33000	 0.078368383	22.858599208	 7.685635996	149.254868192	 0.274856117	         0.000000000	         0.000000000	         0.000000000
 20969	      -32000	 0.077598151	22.906127907	15.553126894	149.261695308	 0.276677962	         0.000000000	         0.000000000	         0.000000000
 20970	      -31000	 0.076900570	22.955183869	23.468249189	149.268876179	 0.278571015	         0.000000000	         0.000000000	         0.000000000
 20971	      -30000	 0.076487262	23.005260569	31.480229612	149.992335015	 0.280516818	         0.000000000	         0.000000000	         0.000000000
 20972	      -29000	 0.075902330	23.056244648	39.540608954	150.369526399	 0.282511841	         0.000000000	         0.000000000	         0.000000000
 20973	      -28000	 0.075595269	23.107801237	47.564478212	150.641756094	 0.284543696	         0.000000000	         0.000000000	         0.000000000
 20974	      -27000	 0.075350067	23.159537581	55.577029363	150.865444557	 0.286597325	         0.000000000	         0.000000000	         0.000000000
 20975	      -26000	 0.075234139	23.211862617	63.692760471	151.055667353	 0.288689398	         0.000000000	         0.000000000	         0.000000000
 20976	      -25000	 0.075264147	23.264376467	71.597343917	151.219490049	 0.290804374	         0.000000000	         0.000000000	         0.000000000
 20977	      -24000	 0.075386364	23.316994403	79.578954515	151.371079808	 0.292939084	         0.000000000	         0.000000000	         0.000000000
 20978	      -23000	 0.075664484	23.370248521	87.487799704	151.512239957	 0.295115559	         0.000000000	         0.000000000	         0.000000000
 20979	      -22000	 0.075904585	23.423836015	95.314103165	151.640122581	 0.297321982	         0.000000000	         0.000000000	         0.000000000
 20980	      -21000	 0.076213925	23.477962509	103.033806906	151.765279160	 0.299567344	         0.000000000	         0.000000000	         0.000000000
 20981	      -20000	 0.076713896	23.533051402	110.676182490	151.886404472	 0.301870043	         0.000000000	         0.000000000	         0.000000000
 20982	      -19000	 0.077230707	23.588964380	118.452530545	152.004377139	 0.304225289	         0.000000000	         0.000000000	         0.000000000
 20983	      -18000	 0.077641295	23.646252412	125.960268988	152.119421696	 0.306657517	         0.000000000	         0.000000000	         0.000000000
 20984	      -17000	 0.078233217	23.705011777	133.450221427	152.221160452	 0.309172414	         0.000000000	         0.000000000	         0.000000000
 20985	      -16000	 0.079013665	23.765397277	140.960763547	152.340233830	 0.311778401	         0.000000000	         0.000000000	         0.000000000
 20986	      -15000	 0.079622813	23.828158458	148.371787505	152.467197571	 0.314510193	         0.000000000	         0.000000000	         0.000000000
 20987	      -14000	 0.080432836	23.893156113	155.665201935	152.601452246	 0.317364565	         0.000000000	         0.000000000	         0.000000000
 20988	      -13000	 0.081318133	23.960901417	162.914934246	152.748336365	 0.320367174	         0.000000000	         0.000000000	         0.000000000
 20989	      -12000	 0.082179039	24.031878352	170.097559659	152.912858306	 0.323543493	         0.000000000	         0.000000000	         0.000000000
 20990	      -11000	 0.083078657	24.105961246	177.133908653	153.090269915	 0.326892403	         0.000000000	         0.000000000	         0.000000000
 20991	      -10000	 0.084058613	24.183811399	-175.917851386	153.289081989	 0.330448970	         0.000000000	         0.000000000	         0.000000000
 20992	       -9000	 0.085022293	24.265555248	-168.930289777	153.509893814	 0.334225074	         0.000000000	         0.000000000	         0.000000000
 20993	       -8000	 0.085893190	24.351202710	-162.124041770	153.743279838	 0.338227801	         0.000000000	         0.000000000	         0.000000000
 20994	       -7000	 0.086789046	24.441161342	-155.329110324	153.995036075	 0.342483639	         0.000000000	         0.000000000	         0.000000000
 20995	       -6000	 0.087816822	24.535253348	-148.611102880	154.257525596	 0.346992330	         0.000000000	         0.000000000	         0.000000000
 20996	       -5000	 0.088700617	24.633724519	-141.855828162	154.537491181	 0.351774438	         0.000000000	         0.000000000	         0.000000000
 20997	       -4000	 0.089582487	24.736458153	-135.201045521	154.834042750	 0.356833806	         0.000000000	         0.000000000	         0.000000000
 20998	       -3000	 0.090497330	24.843270758	-128.653555394	155.139170879	 0.362171224	         0.000000000	         0.000000000	         0.000000000
 20999	       -2000	 0.091571466	24.954662590	-121.964549131	155.464671167	 0.367822528	         0.000000000	         0.000000000	         0.000000000
 21000	       -1000	 0.092413567	25.070009643	-115.454439254	155.794661574	 0.373767445	         0.000000000	         0.000000000	         0.000000000
 21001	           0	 0.093315101	25.189417000	-108.955069177	156.136483528	 0.380022865	         0.000000000	         0.000000000	         0.000000000
