LaskarTimestep	time_years	ecc	obl	Lsp	Tsurf	SF12	ForcedConv	FreeConv	TotalSubl
 20501	     -500000	 0.053483653	32.703763755	-67.814367410	167.979076623	 0.000000000	         0.004946305	         0.002327837	         0.007274142
 20502	     -499000	 0.053288153	32.488620538	-59.367825181	167.735859556	 0.000000000	         0.004733308	         0.002234161	         0.006967469
 20503	     -498000	 0.053377802	32.256228450	-50.865905620	167.457561555	 0.000000000	         0.004534675	         0.002148312	         0.006682987
 20504	     -497000	 0.053647700	32.006039467	-42.223229794	167.191867686	 0.000000000	         0.004391296	         0.002099362	         0.006490658
 20505	     -496000	 0.054047376	31.738155109	-33.689989970	166.838109108	 0.000000000	         0.004211387	         0.002023997	         0.006235384
 20506	     -495000	 0.054631131	31.454701396	-25.262552658	166.452637296	 0.000000000	         0.004032300	         0.001949308	         0.005981608
 20507	     -494000	 0.055503104	31.154095440	-16.914646569	166.036196670	 0.000000000	         0.003845956	         0.001871056	         0.005717012
 20508	     -493000	 0.056285559	30.837897089	-8.625617696	165.588112782	 0.000000000	         0.003655282	         0.001790736	         0.005446017
 20509	     -492000	 0.057273798	30.508467070	-0.601773950	165.125475322	 0.000000000	         0.003455815	         0.001706740	         0.005162555
 20510	     -491000	 0.058303969	30.164542217	 7.329286080	164.637618445	 0.000000000	         0.003242027	         0.001613960	         0.004855987
 20511	     -490000	 0.059484652	29.808813997	15.267923373	164.128114911	 0.000000000	         0.003017757	         0.001514256	         0.004532013
 20512	     -489000	 0.060538153	29.442650094	23.011034297	163.542348436	 0.000000000	         0.002734273	         0.001374479	         0.004108752
 20513	     -488000	 0.061639490	29.066784175	30.704745155	162.998310218	 0.000000000	         0.002484321	         0.001259980	         0.003744301
 20514	     -487000	 0.062886122	28.683922654	38.224408913	162.444064587	 0.000000000	         0.002227560	         0.001140832	         0.003368391
 20515	     -486000	 0.064104852	28.293832465	45.936134667	161.874874499	 0.000000000	         0.001971395	         0.001021000	         0.002992395
 20516	     -485000	 0.065275801	27.899601971	53.414207966	161.362545392	 0.000000000	         0.001750145	         0.000924917	         0.002675062
 20517	     -484000	 0.066523121	27.502929228	60.816856720	160.707967002	 0.000000000	         0.001459092	         0.000775656	         0.002234748
 20518	     -483000	 0.067980414	27.102757701	68.326978207	160.112695715	 0.000000000	         0.001222282	         0.000660545	         0.001882827
 20519	     -482000	 0.069279862	26.702831910	75.589135537	159.510950679	 0.000000000	         0.000998221	         0.000549490	         0.001547710
 20520	     -481000	 0.070766927	26.303573924	82.822812481	158.898254848	 0.000000000	         0.000795068	         0.000447019	         0.001242087
 20521	     -480000	 0.072297673	25.904594183	90.011690551	158.279939097	 0.000000000	         0.000616025	         0.000355094	         0.000971119
 20522	     -479000	 0.073750478	25.509120825	97.135510913	157.646378571	 0.000000000	         0.000460367	         0.000272895	         0.000733262
 20523	     -478000	 0.075291017	25.116205047	104.020098171	157.007618265	 0.000000000	         0.000331938	         0.000203293	         0.000535231
 20524	     -477000	 0.076898065	24.726864180	110.918557181	156.350551125	 0.000000000	         0.000228434	         0.000145189	         0.000373623
 20525	     -476000	 0.078610144	24.343391493	117.769152026	155.673564880	 0.000000000	         0.000148777	         0.000098495	         0.000247272
 20526	     -475000	 0.080147059	23.964548390	124.453057477	154.973160946	 0.000000000	         0.000089837	         0.000062131	         0.000151968
 20527	     -474000	 0.081736300	23.592875073	131.020021714	154.250880130	 0.000000000	         0.000049643	         0.000035786	         0.000085429
 20528	     -473000	 0.083438263	23.229283684	137.468539094	153.483952084	 0.000000000	         0.000023566	         0.000017058	         0.000040624
 20529	     -472000	 0.085024744	22.873732872	143.925470048	152.651691742	 0.000000000	         0.000009059	         0.000006414	         0.000015473
 20530	     -471000	 0.086547933	22.529770671	150.195334867	151.700899811	 0.000000000	         0.000002429	         0.000001641	         0.000004070
 20531	     -470000	 0.088039061	22.197244271	156.361051185	150.332071798	 0.000000000	         0.000000202	         0.000000097	         0.000000299
 20532	     -469000	 0.089502226	21.877494687	162.561079922	149.331346378	 0.000000000	         0.000000049	         0.000000001	         0.000000050
 20533	     -468000	 0.090729618	21.573982193	168.627502878	149.328751849	 0.000000000	         0.000000049	         0.000000001	         0.000000050
 20534	     -467000	 0.091988770	21.286308398	174.612217699	149.325741123	 0.000000000	         0.000000049	         0.000000001	         0.000000050
 20535	     -466000	 0.093237521	21.016546235	-179.294602679	149.322198882	 0.000000000	         0.000000049	         0.000000001	         0.000000049
 20536	     -465000	 0.094204887	20.766837482	-173.280920725	149.318177726	 0.000000000	         0.000000049	         0.000000001	         0.000000049
 20537	     -464000	 0.095244397	20.537205881	-167.314968424	149.313830611	 0.000000000	         0.000000049	         0.000000001	         0.000000049
 20538	     -463000	 0.096312874	20.329546983	-161.363161225	149.309139337	 0.000000000	         0.000000048	         0.000000001	         0.000000049
 20539	     -462000	 0.097278858	20.143863604	-155.323193101	149.304005772	 0.000000000	         0.000000048	         0.000000001	         0.000000049
 20540	     -461000	 0.098254956	19.980760304	-149.424423734	149.298693600	 0.000000000	         0.000000048	         0.000000001	         0.000000049
 20541	     -460000	 0.099104240	19.841112321	-143.506292126	149.293072752	 0.000000000	         0.000000048	         0.000000001	         0.000000049
 20542	     -459000	 0.100206210	19.723633083	-137.617000694	149.287257376	 0.000000000	         0.000000048	         0.000000001	         0.000000049
 20543	     -458000	 0.101029490	19.628903216	-131.780502330	149.281272010	 0.000000000	         0.000000048	         0.000000001	         0.000000049
 20544	     -457000	 0.101843791	19.556180600	-125.984251201	149.275173829	 0.000000000	         0.000000048	         0.000000001	         0.000000049
 20545	     -456000	 0.102644204	19.504268931	-120.267447087	149.269052088	 0.000000000	         0.000000048	         0.000000001	         0.000000049
 20546	     -455000	 0.103279566	19.473503825	-114.469057938	149.262815731	 0.000000000	         0.000000048	         0.000000001	         0.000000049
 20547	     -454000	 0.103740329	19.461807786	-108.793202614	149.256766618	 0.000000000	         0.000000048	         0.000000001	         0.000000049
 20548	     -453000	 0.104099069	19.468549107	-103.074824993	149.250800193	 0.000000000	         0.000000048	         0.000000001	         0.000000049
 20549	     -452000	 0.104512313	19.493756510	-97.261009048	149.244896924	 0.000000000	         0.000000048	         0.000000001	         0.000000048
 20550	     -451000	 0.104488019	19.535143430	-91.476132378	149.239448277	 0.000000000	         0.000000048	         0.000000001	         0.000000048
 20551	     -450000	 0.104580432	19.592772102	-85.643813392	149.234273458	 0.000000000	         0.000000048	         0.000000001	         0.000000048
 20552	     -449000	 0.104597861	19.666035783	-79.761277806	149.229534962	 0.000000000	         0.000000048	         0.000000001	         0.000000048
 20553	     -448000	 0.104415746	19.753339038	-73.738059487	149.225341413	 0.000000000	         0.000000047	         0.000000001	         0.000000048
 20554	     -447000	 0.104213875	19.855322745	-67.798218820	149.221849554	 0.000000000	         0.000000047	         0.000000001	         0.000000048
 20555	     -446000	 0.103913767	19.970649858	-61.716485987	149.219050420	 0.000000000	         0.000000047	         0.000000001	         0.000000048
 20556	     -445000	 0.103632189	20.098451812	-55.561593016	149.217004760	 0.000000000	         0.000000047	         0.000000001	         0.000000048
 20557	     -444000	 0.103142396	20.239479855	-49.397543857	149.215954415	 0.000000000	         0.000000047	         0.000000001	         0.000000048
 20558	     -443000	 0.102594499	20.392340109	-43.180589867	149.215838501	 0.000000000	         0.000000047	         0.000000001	         0.000000048
 20559	     -442000	 0.102094276	20.556316961	-36.906770136	149.216620932	 0.000000000	         0.000000047	         0.000000001	         0.000000048
 20560	     -441000	 0.101418020	20.731396369	-30.501263454	149.218501705	 0.000000000	         0.000000047	         0.000000001	         0.000000048
 20561	     -440000	 0.100612810	20.916451762	-24.131887082	149.221401757	 0.000000000	         0.000000047	         0.000000001	         0.000000048
 20562	     -439000	 0.099801682	21.110735354	-17.707785438	149.225222180	 0.000000000	         0.000000047	         0.000000001	         0.000000048
 20563	     -438000	 0.098991063	21.313165946	-11.120461420	149.229990025	 0.000000000	         0.000000048	         0.000000001	         0.000000048
 20564	     -437000	 0.097988888	21.522641323	-4.589955745	149.235596741	 0.000000000	         0.000000048	         0.000000001	         0.000000048
 20565	     -436000	 0.097012296	21.738411815	 1.999400543	149.241886237	 0.000000000	         0.000000048	         0.000000001	         0.000000049
 20566	     -435000	 0.096112405	21.959199964	 8.708213249	150.552797234	 0.000000000	         0.000000197	         0.000000093	         0.000000290
 20567	     -434000	 0.094871947	22.183936174	15.425421999	151.594147585	 0.000000000	         0.000000942	         0.000000593	         0.000001535
 20568	     -433000	 0.093717211	22.411455413	22.149081502	152.300803853	 0.000000000	         0.000002500	         0.000001678	         0.000004178
 20569	     -432000	 0.092570945	22.641216795	28.915953590	152.892861140	 0.000000000	         0.000005375	         0.000003726	         0.000009101
 20570	     -431000	 0.091280719	22.872575902	35.851098345	153.415763715	 0.000000000	         0.000010257	         0.000007254	         0.000017511
 20571	     -430000	 0.089880819	23.104270285	42.752121722	153.887030685	 0.000000000	         0.000017940	         0.000012870	         0.000030810
 20572	     -429000	 0.088407314	23.336253064	49.761852521	154.315411675	 0.000000000	         0.000029373	         0.000021298	         0.000050671
 20573	     -428000	 0.087055942	23.568404303	56.828114803	154.712864906	 0.000000000	         0.000045311	         0.000032388	         0.000077698
 20574	     -427000	 0.085523656	23.800273683	64.050375750	155.087919596	 0.000000000	         0.000066824	         0.000046774	         0.000113598
 20575	     -426000	 0.084054184	24.031816180	71.371111583	155.446639820	 0.000000000	         0.000095249	         0.000065153	         0.000160401
 20576	     -425000	 0.082640209	24.262875673	78.704281287	155.789756751	 0.000000000	         0.000131271	         0.000087659	         0.000218930
 20577	     -424000	 0.081254428	24.494013611	86.283114421	156.120949876	 0.000000000	         0.000175955	         0.000114710	         0.000290665
 20578	     -423000	 0.079854296	24.725194202	93.752355689	156.447931378	 0.000000000	         0.000229674	         0.000146236	         0.000375910
 20579	     -422000	 0.078553475	24.955606627	101.346534410	156.759003425	 0.000000000	         0.000290825	         0.000180869	         0.000471694
 20580	     -421000	 0.077463566	25.186350218	109.066419876	157.070068027	 0.000000000	         0.000361184	         0.000219666	         0.000580850
 20581	     -420000	 0.076046534	25.417401988	116.810454550	157.382799980	 0.000000000	         0.000434767	         0.000258600	         0.000693367
 20582	     -419000	 0.074886169	25.647626042	124.541382536	157.702770759	 0.000000000	         0.000514390	         0.000300316	         0.000814706
 20583	     -418000	 0.073764864	25.877504820	132.342403219	158.021396323	 0.000000000	         0.000595697	         0.000341556	         0.000937254
 20584	     -417000	 0.072698089	26.106626624	140.330293506	158.424995736	 0.000000000	         0.000702552	         0.000399425	         0.001101978
 20585	     -416000	 0.071481174	26.334548067	148.230073918	158.677623283	 0.000000000	         0.000759878	         0.000420832	         0.001180710
 20586	     -415000	 0.070438602	26.560782398	156.299431877	159.017515091	 0.000000000	         0.000837982	         0.000456584	         0.001294565
 20587	     -414000	 0.069487040	26.784373933	164.407454804	159.366648212	 0.000000000	         0.000910200	         0.000488403	         0.001398603
 20588	     -413000	 0.068557237	27.005600883	172.584617908	159.725755877	 0.000000000	         0.000974411	         0.000515288	         0.001489699
 20589	     -412000	 0.067751789	27.223425841	-179.159080626	160.163094778	 0.000000000	         0.001054067	         0.000554082	         0.001608149
 20590	     -411000	 0.067111113	27.436839030	-170.906675002	160.463484983	 0.000000000	         0.001075160	         0.000552739	         0.001627899
 20591	     -410000	 0.066482115	27.646315655	-162.509726288	160.850703256	 0.000000000	         0.001112807	         0.000565045	         0.001677851
 20592	     -409000	 0.065904691	27.850601462	-154.211828413	161.245245226	 0.000000000	         0.001145893	         0.000575686	         0.001721579
 20593	     -408000	 0.065517944	28.049456228	-145.949687243	161.634445430	 0.000000000	         0.001173028	         0.000583513	         0.001756540
 20594	     -407000	 0.065332851	28.243228828	-137.516629651	162.024892909	 0.000000000	         0.001195247	         0.000589390	         0.001784637
 20595	     -406000	 0.064967014	28.430711575	-129.093539419	162.403248332	 0.000000000	         0.001215886	         0.000594884	         0.001810770
 20596	     -405000	 0.064812231	28.612340545	-120.827735272	162.771888745	 0.000000000	         0.001240201	         0.000602937	         0.001843138
 20597	     -404000	 0.064847606	28.788137444	-112.516470610	163.124484273	 0.000000000	         0.001266571	         0.000612278	         0.001878849
 20598	     -403000	 0.064893803	28.957411961	-104.127488074	163.460314658	 0.000000000	         0.001299316	         0.000625434	         0.001924750
 20599	     -402000	 0.065050817	29.120604728	-95.852665171	163.774770345	 0.000000000	         0.001342228	         0.000644145	         0.001986373
 20600	     -401000	 0.065326528	29.277183504	-87.650634931	164.060972173	 0.000000000	         0.001395395	         0.000668106	         0.002063501
 20601	     -400000	 0.065761510	29.427107531	-79.415707434	164.322375912	 0.000000000	         0.001461748	         0.000699112	         0.002160860
 20602	     -399000	 0.066134286	29.570418567	-71.395309280	164.548910735	 0.000000000	         0.001545281	         0.000738775	         0.002284056
 20603	     -398000	 0.066677957	29.705890532	-63.372382483	164.745025252	 0.000000000	         0.001645580	         0.000787153	         0.002432733
 20604	     -397000	 0.067321109	29.833968797	-55.517321169	164.907795969	 0.000000000	         0.001764917	         0.000845229	         0.002610146
 20605	     -396000	 0.067841888	29.954156486	-47.623770726	165.094623014	 0.000000000	         0.001934500	         0.000933647	         0.002868146
 20606	     -395000	 0.068446604	30.064871194	-39.894880808	165.188790232	 0.000000000	         0.002103600	         0.001018025	         0.003121624
 20607	     -394000	 0.069056594	30.166494758	-32.261133437	165.254875971	 0.000000000	         0.002299498	         0.001116740	         0.003416238
 20608	     -393000	 0.069830315	30.258005064	-24.580012009	165.285092451	 0.000000000	         0.002520382	         0.001228605	         0.003748986
 20609	     -392000	 0.070364828	30.338292323	-16.949489692	165.282402563	 0.000000000	         0.002770804	         0.001356573	         0.004127377
 20610	     -391000	 0.071069537	30.407452813	-9.422837673	165.200306774	 0.000000000	         0.003006021	         0.001470310	         0.004476331
 20611	     -390000	 0.071974637	30.464168161	-1.989558957	165.158275580	 0.000000000	         0.003304694	         0.001626118	         0.004930812
 20612	     -389000	 0.072694139	30.508252531	 5.597531740	165.142870155	 0.000000000	         0.003679631	         0.001831561	         0.005511192
 20613	     -388000	 0.073599872	30.539450689	12.910982524	165.056346662	 0.000000000	         0.004021893	         0.002013090	         0.006034983
 20614	     -387000	 0.074543853	30.556607757	20.224631820	164.949736331	 0.000000000	         0.004377522	         0.002203435	         0.006580957
 20615	     -386000	 0.075566540	30.560587332	27.486301600	164.828936643	 0.000000000	         0.004741175	         0.002400850	         0.007142025
 20616	     -385000	 0.076485975	30.550826221	34.596577097	164.693134957	 0.000000000	         0.005091057	         0.002593147	         0.007684204
 20617	     -384000	 0.077541059	30.526875215	41.661964832	164.544586763	 0.000000000	         0.005428746	         0.002781672	         0.008210418
 20618	     -383000	 0.078573765	30.489771046	48.661430888	164.386206083	 0.000000000	         0.005738181	         0.002956992	         0.008695173
 20619	     -382000	 0.079500041	30.438760556	55.635630547	164.214565378	 0.000000000	         0.005999821	         0.003106982	         0.009106803
 20620	     -381000	 0.080402545	30.374413693	62.482195433	164.040129369	 0.000000000	         0.006209176	         0.003230272	         0.009439449
 20621	     -380000	 0.081375338	30.297212191	69.296712439	163.853910513	 0.000000000	         0.006354161	         0.003317422	         0.009671583
 20622	     -379000	 0.082284373	30.206346938	76.185991488	163.662977102	 0.000000000	         0.006432638	         0.003368460	         0.009801099
 20623	     -378000	 0.083049984	30.103098249	82.990154027	163.467594524	 0.000000000	         0.006421905	         0.003368477	         0.009790382
 20624	     -377000	 0.083857725	29.987064110	89.737708666	163.260330310	 0.000000000	         0.006330720	         0.003323201	         0.009653921
 20625	     -376000	 0.084810534	29.857578588	96.491010331	162.996119849	 0.000000000	         0.006064437	         0.003163146	         0.009227583
 20626	     -375000	 0.085547898	29.716190947	103.293678277	162.785687632	 0.000000000	         0.005807962	         0.003026257	         0.008834220
 20627	     -374000	 0.086310245	29.561732534	109.980901135	162.634134336	 0.000000000	         0.005575746	         0.002920347	         0.008496094
 20628	     -373000	 0.087220885	29.394130740	116.615450043	162.413866655	 0.000000000	         0.005189990	         0.002712158	         0.007902148
 20629	     -372000	 0.087896304	29.214470266	123.340123235	162.187716767	 0.000000000	         0.004745108	         0.002472300	         0.007217407
 20630	     -371000	 0.088614506	29.021319542	129.933008314	161.959683334	 0.000000000	         0.004280850	         0.002224894	         0.006505744
 20631	     -370000	 0.089361930	28.815628023	136.537886158	161.724833653	 0.000000000	         0.003807004	         0.001974525	         0.005781529
 20632	     -369000	 0.090081311	28.597684364	143.171191562	161.479742310	 0.000000000	         0.003330703	         0.001724210	         0.005054913
 20633	     -368000	 0.090634649	28.366654751	149.716933363	161.230281721	 0.000000000	         0.002868532	         0.001484021	         0.004352554
 20634	     -367000	 0.091311248	28.124317198	156.301421281	160.970614727	 0.000000000	         0.002433545	         0.001259547	         0.003693091
 20635	     -366000	 0.092003515	27.870318059	162.767453622	160.702129485	 0.000000000	         0.002034853	         0.001055895	         0.003090748
 20636	     -365000	 0.092570801	27.604992693	169.371806482	160.420473006	 0.000000000	         0.001667495	         0.000868486	         0.002535981
 20637	     -364000	 0.093119552	27.330446081	175.827157039	160.123781754	 0.000000000	         0.001346491	         0.000705378	         0.002051869
 20638	     -363000	 0.093640067	27.046354091	-177.781266293	159.813822851	 0.000000000	         0.001070613	         0.000565287	         0.001635900
 20639	     -362000	 0.094269015	26.754330361	-171.315876311	159.474925984	 0.000000000	         0.000832396	         0.000443071	         0.001275467
 20640	     -361000	 0.094618814	26.456094150	-164.938958484	159.168186357	 0.000000000	         0.000647105	         0.000350044	         0.000997149
 20641	     -360000	 0.094987851	26.151951376	-158.573095958	158.728642317	 0.000000000	         0.000474784	         0.000258482	         0.000733266
 20642	     -359000	 0.095369622	25.844145517	-152.287201787	158.355758250	 0.000000000	         0.000354234	         0.000196597	         0.000550832
 20643	     -358000	 0.095473227	25.533561207	-145.888910310	157.963955911	 0.000000000	         0.000259605	         0.000147386	         0.000406992
 20644	     -357000	 0.095574329	25.221545497	-139.631422876	157.553386637	 0.000000000	         0.000187972	         0.000109637	         0.000297608
 20645	     -356000	 0.095678737	24.909951733	-133.296845744	157.118469506	 0.000000000	         0.000133553	         0.000080241	         0.000213794
 20646	     -355000	 0.095681203	24.598901010	-126.900619621	156.663522481	 0.000000000	         0.000093288	         0.000057963	         0.000151251
 20647	     -354000	 0.095478796	24.290557143	-120.577278446	156.180362653	 0.000000000	         0.000063879	         0.000041179	         0.000105058
 20648	     -353000	 0.095458718	23.985774359	-114.221628093	155.669760533	 0.000000000	         0.000042691	         0.000028596	         0.000071287
 20649	     -352000	 0.095398327	23.684513463	-107.865729250	155.134147385	 0.000000000	         0.000027748	         0.000019311	         0.000047059
 20650	     -351000	 0.095240376	23.389076636	-101.504116105	154.567017839	 0.000000000	         0.000017243	         0.000012290	         0.000029533
 20651	     -350000	 0.095096122	23.099399909	-95.173340010	153.962637946	 0.000000000	         0.000010020	         0.000007043	         0.000017063
 20652	     -349000	 0.094999252	22.816321285	-88.960469101	153.297009230	 0.000000000	         0.000005331	         0.000003674	         0.000009005
 20653	     -348000	 0.094841717	22.541726797	-82.657752735	152.570092179	 0.000000000	         0.000002516	         0.000001681	         0.000004197
 20654	     -347000	 0.094512503	22.274971487	-76.439575247	151.706293782	 0.000000000	         0.000000925	         0.000000579	         0.000001504
 20655	     -346000	 0.094194371	22.018276072	-70.308865275	150.436342666	 0.000000000	         0.000000164	         0.000000072	         0.000000236
 20656	     -345000	 0.093922140	21.772953009	-64.118712122	149.226432703	 0.000000000	         0.000000047	         0.000000001	         0.000000048
 20657	     -344000	 0.093300355	21.538672378	-57.930101235	149.224595815	 0.000000000	         0.000000047	         0.000000001	         0.000000048
 20658	     -343000	 0.092740138	21.318387692	-51.778747605	149.223496168	 0.000000000	         0.000000047	         0.000000001	         0.000000048
 20659	     -342000	 0.092169739	21.112794739	-45.610535095	149.223187607	 0.000000000	         0.000000047	         0.000000001	         0.000000048
 20660	     -341000	 0.091377557	20.922768657	-39.328442599	149.223844155	 0.000000000	         0.000000047	         0.000000001	         0.000000048
 20661	     -340000	 0.090607702	20.750964575	-33.105355782	149.225298768	 0.000000000	         0.000000047	         0.000000001	         0.000000048
 20662	     -339000	 0.089785060	20.597291952	-26.824862298	149.227596853	 0.000000000	         0.000000048	         0.000000001	         0.000000048
 20663	     -338000	 0.089049690	20.463408482	-20.398322624	149.230669631	 0.000000000	         0.000000048	         0.000000001	         0.000000048
 20664	     -337000	 0.088048229	20.351022249	-14.044232772	149.234610460	 0.000000000	         0.000000048	         0.000000001	         0.000000048
 20665	     -336000	 0.087204422	20.259465468	-7.571065312	149.239185494	 0.000000000	         0.000000048	         0.000000001	         0.000000048
 20666	     -335000	 0.086352283	20.189926936	-1.136674931	149.244328372	 0.000000000	         0.000000048	         0.000000001	         0.000000049
 20667	     -334000	 0.085383380	20.142635458	 5.477337224	149.250163308	 0.000000000	         0.000000048	         0.000000001	         0.000000049
 20668	     -333000	 0.084411295	20.117211449	12.081443414	149.256380516	 0.000000000	         0.000000048	         0.000000001	         0.000000049
 20669	     -332000	 0.083401064	20.113433214	18.708944067	149.262899298	 0.000000000	         0.000000048	         0.000000001	         0.000000049
 20670	     -331000	 0.082572941	20.130037738	25.472619980	149.269661429	 0.000000000	         0.000000048	         0.000000001	         0.000000049
 20671	     -330000	 0.081443003	20.167200157	32.335478137	149.276606286	 0.000000000	         0.000000048	         0.000000001	         0.000000049
 20672	     -329000	 0.080500513	20.223389509	39.240100701	149.283469060	 0.000000000	         0.000000048	         0.000000001	         0.000000049
 20673	     -328000	 0.079634605	20.296732395	46.215668489	149.290194533	 0.000000000	         0.000000048	         0.000000001	         0.000000049
 20674	     -327000	 0.078577853	20.387222098	53.398058906	149.296758640	 0.000000000	         0.000000048	         0.000000001	         0.000000049
 20675	     -326000	 0.077702044	20.492955878	60.513165202	149.302836493	 0.000000000	         0.000000048	         0.000000001	         0.000000049
 20676	     -325000	 0.076874934	20.612533407	67.807439301	149.308538912	 0.000000000	         0.000000049	         0.000000001	         0.000000049
 20677	     -324000	 0.076026922	20.745428963	75.252809962	149.313707723	 0.000000000	         0.000000049	         0.000000001	         0.000000049
 20678	     -323000	 0.075078032	20.889668314	82.739643953	149.318130600	 0.000000000	         0.000000049	         0.000000001	         0.000000049
 20679	     -322000	 0.074308601	21.044950268	90.312211677	149.321902779	 0.000000000	         0.000000049	         0.000000001	         0.000000050
 20680	     -321000	 0.073626079	21.210308968	98.027457036	149.324970728	 0.000000000	         0.000000049	         0.000000001	         0.000000050
 20681	     -320000	 0.072921001	21.384036563	105.993114824	149.327257908	 0.000000000	         0.000000049	         0.000000001	         0.000000050
 20682	     -319000	 0.072286571	21.566437244	113.968884955	149.328708258	 0.000000000	         0.000000049	         0.000000001	         0.000000050
 20683	     -318000	 0.071782063	21.755805647	122.015917729	149.329390813	 0.000000000	         0.000000049	         0.000000001	         0.000000050
 20684	     -317000	 0.071469228	21.951345971	130.242333881	149.329356378	 0.000000000	         0.000000049	         0.000000001	         0.000000050
 20685	     -316000	 0.071218657	22.152891551	138.541792199	150.255254905	 0.000000000	         0.000000162	         0.000000071	         0.000000233
 20686	     -315000	 0.071131593	22.358069468	146.863863896	151.132444483	 0.000000000	         0.000000876	         0.000000553	         0.000001429
 20687	     -314000	 0.071302845	22.566777481	155.194778428	151.784133959	 0.000000000	         0.000002450	         0.000001654	         0.000004104
 20688	     -313000	 0.071340423	22.778135986	163.633579606	152.352029316	 0.000000000	         0.000005308	         0.000003694	         0.000009003
 20689	     -312000	 0.071574712	22.989331129	171.928930362	152.876932262	 0.000000000	         0.000009788	         0.000006934	         0.000016722
 20690	     -311000	 0.072007583	23.200444603	-179.819118955	153.368778665	 0.000000000	         0.000016000	         0.000011465	         0.000027466
 20691	     -310000	 0.072435633	23.410285427	-171.337237843	153.858352466	 0.000000000	         0.000024113	         0.000017420	         0.000041534
 20692	     -309000	 0.072815138	23.616440169	-163.052700210	154.335067548	 0.000000000	         0.000033674	         0.000024210	         0.000057884
 20693	     -308000	 0.073357752	23.818722798	-154.748857363	154.803642098	 0.000000000	         0.000043942	         0.000030763	         0.000074705
 20694	     -307000	 0.074042058	24.015747619	-146.486384403	155.264207355	 0.000000000	         0.000054751	         0.000037242	         0.000091993
 20695	     -306000	 0.074696154	24.206766854	-138.105292044	155.721065087	 0.000000000	         0.000065777	         0.000043490	         0.000109267
 20696	     -305000	 0.075557625	24.391201100	-129.823929953	156.169726034	 0.000000000	         0.000076726	         0.000049366	         0.000126093
 20697	     -304000	 0.076377067	24.567896569	-121.626986070	156.600891261	 0.000000000	         0.000087214	         0.000054728	         0.000141942
 20698	     -303000	 0.077451680	24.737473639	-113.380141953	157.025276072	 0.000000000	         0.000097499	         0.000059820	         0.000157319
 20699	     -302000	 0.078480766	24.899335336	-105.303738132	157.428811154	 0.000000000	         0.000107589	         0.000064696	         0.000172284
 20700	     -301000	 0.079630201	25.052921120	-97.282718187	157.816813263	 0.000000000	         0.000117908	         0.000069703	         0.000187611
 20701	     -300000	 0.080903243	25.199214132	-89.348119639	158.180361598	 0.000000000	         0.000128496	         0.000074839	         0.000203335
 20702	     -299000	 0.081999178	25.337839010	-81.409543892	158.512666708	 0.000000000	         0.000139881	         0.000080462	         0.000220343
 20703	     -298000	 0.083175234	25.468650731	-73.690182950	158.820023262	 0.000000000	         0.000152846	         0.000087067	         0.000239913
 20704	     -297000	 0.084359125	25.592347749	-66.029577308	159.094438055	 0.000000000	         0.000167557	         0.000094722	         0.000262279
 20705	     -296000	 0.085667785	25.708550321	-58.264456530	159.335343232	 0.000000000	         0.000184383	         0.000103589	         0.000287972
 20706	     -295000	 0.086664229	25.817485501	-50.699569976	159.534626813	 0.000000000	         0.000204166	         0.000114181	         0.000318347
 20707	     -294000	 0.087846039	25.919110591	-43.181819527	159.698398468	 0.000000000	         0.000226855	         0.000126432	         0.000353287
 20708	     -293000	 0.089044832	26.013157496	-35.710862504	159.830539316	 0.000000000	         0.000253559	         0.000141044	         0.000394603
 20709	     -292000	 0.090119097	26.100038179	-28.243035392	159.923906611	 0.000000000	         0.000284411	         0.000157981	         0.000442392
 20710	     -291000	 0.091281225	26.179124500	-20.941232881	159.990616838	 0.000000000	         0.000319828	         0.000177578	         0.000497405
 20711	     -290000	 0.092364043	26.250520815	-13.661842040	160.025835616	 0.000000000	         0.000360059	         0.000199887	         0.000559947
 20712	     -289000	 0.093427792	26.314615124	-6.410964304	160.034985525	 0.000000000	         0.000405666	         0.000225309	         0.000630974
 20713	     -288000	 0.094440530	26.370908672	 0.704580500	160.030765906	 0.000000000	         0.000457720	         0.000254638	         0.000712358
 20714	     -287000	 0.095354683	26.419936858	 7.739381168	160.004389572	 0.000000000	         0.000514395	         0.000286370	         0.000800765
 20715	     -286000	 0.096341535	26.462101023	14.778502088	159.962851649	 0.000000000	         0.000577100	         0.000321462	         0.000898562
 20716	     -285000	 0.097090557	26.497298816	21.797651190	159.904981962	 0.000000000	         0.000644068	         0.000358819	         0.001002887
 20717	     -284000	 0.097818075	26.526481003	28.676732487	159.837337716	 0.000000000	         0.000714020	         0.000397897	         0.001111918
 20718	     -283000	 0.098556954	26.549898790	35.504944491	159.762973837	 0.000000000	         0.000787636	         0.000439179	         0.001226815
 20719	     -282000	 0.099219108	26.567924135	42.440036648	159.681321272	 0.000000000	         0.000864589	         0.000482355	         0.001346944
 20720	     -281000	 0.099755963	26.581636015	49.212976555	159.597698573	 0.000000000	         0.000940801	         0.000525177	         0.001465978
 20721	     -280000	 0.100294624	26.591081442	55.921878912	159.511183199	 0.000000000	         0.001014928	         0.000566777	         0.001581705
 20722	     -279000	 0.100914162	26.596933314	62.698414615	159.421794527	 0.000000000	         0.001087941	         0.000607725	         0.001695666
 20723	     -278000	 0.101266408	26.599884661	69.343949588	159.339191535	 0.000000000	         0.001155487	         0.000645826	         0.001801313
 20724	     -277000	 0.101672351	26.599985363	75.957946959	159.254575360	 0.000000000	         0.001214787	         0.000678838	         0.001893625
 20725	     -276000	 0.102092817	26.597920752	82.496887004	159.174823546	 0.000000000	         0.001266822	         0.000707660	         0.001974482
 20726	     -275000	 0.102279340	26.593967959	89.067544626	159.097949709	 0.000000000	         0.001306593	         0.000729383	         0.002035976
 20727	     -274000	 0.102499611	26.588266270	95.512695399	159.103122715	 0.000000000	         0.001379721	         0.000776819	         0.002156540
 20728	     -273000	 0.102528135	26.581350400	101.965558904	159.028033703	 0.000000000	         0.001392576	         0.000782654	         0.002175230
 20729	     -272000	 0.102638078	26.573195321	108.422531329	158.898196614	 0.000000000	         0.001348922	         0.000749512	         0.002098434
 20730	     -271000	 0.102473106	26.564087181	114.838346049	158.847533219	 0.000000000	         0.001332743	         0.000739375	         0.002072118
 20731	     -270000	 0.102354550	26.554255164	121.253168846	158.883464819	 0.000000000	         0.001349732	         0.000755208	         0.002104939
 20732	     -269000	 0.102296248	26.543607091	127.609299467	158.847768282	 0.000000000	         0.001310417	         0.000732017	         0.002042434
 20733	     -268000	 0.102037441	26.532518769	134.094495346	158.825013801	 0.000000000	         0.001261842	         0.000703841	         0.001965682
 20734	     -267000	 0.101773466	26.520840546	140.399582108	158.805448584	 0.000000000	         0.001204770	         0.000670238	         0.001875008
 20735	     -266000	 0.101483838	26.508664689	146.712390923	158.798476717	 0.000000000	         0.001144572	         0.000635360	         0.001779932
 20736	     -265000	 0.101260566	26.496190185	153.120811776	158.801605199	 0.000000000	         0.001080215	         0.000598006	         0.001678221
 20737	     -264000	 0.100774896	26.483131370	159.399299417	158.812231457	 0.000000000	         0.001010250	         0.000557499	         0.001567749
 20738	     -263000	 0.100357253	26.469649072	165.672694153	158.840561155	 0.000000000	         0.000942697	         0.000519092	         0.001461789
 20739	     -262000	 0.099913047	26.455669016	171.973360935	158.869489767	 0.000000000	         0.000871298	         0.000478208	         0.001349506
 20740	     -261000	 0.099306396	26.440969158	178.286988099	158.912452083	 0.000000000	         0.000801492	         0.000438528	         0.001240019
 20741	     -260000	 0.098684159	26.425632013	-175.482433393	158.946180184	 0.000000000	         0.000730518	         0.000397640	         0.001128158
 20742	     -259000	 0.098000006	26.409433762	-169.185655810	159.029674975	 0.000000000	         0.000671922	         0.000365310	         0.001037232
 20743	     -258000	 0.097239175	26.392335359	-162.822195829	159.013233968	 0.000000000	         0.000591854	         0.000317653	         0.000909507
 20744	     -257000	 0.096463176	26.374245346	-156.512997135	159.092125694	 0.000000000	         0.000538805	         0.000288521	         0.000827326
 20745	     -256000	 0.095611291	26.354847716	-150.189586488	159.174545279	 0.000000000	         0.000490137	         0.000261959	         0.000752096
 20746	     -255000	 0.094905072	26.334264963	-143.802229612	159.262246697	 0.000000000	         0.000446288	         0.000238213	         0.000684502
 20747	     -254000	 0.093973777	26.312121915	-137.376640101	159.347532387	 0.000000000	         0.000406527	         0.000216794	         0.000623320
 20748	     -253000	 0.093064129	26.288292216	-131.032088052	159.428893697	 0.000000000	         0.000371836	         0.000198246	         0.000570082
 20749	     -252000	 0.092270861	26.262756341	-124.693317508	159.506784808	 0.000000000	         0.000341550	         0.000182126	         0.000523676
 20750	     -251000	 0.091319608	26.234987488	-118.200660637	159.577428703	 0.000000000	         0.000314771	         0.000168009	         0.000482780
 20751	     -250000	 0.090287261	26.205101319	-111.797498010	159.635326239	 0.000000000	         0.000292101	         0.000156154	         0.000448254
 20752	     -249000	 0.089277888	26.172698150	-105.413547627	159.683121406	 0.000000000	         0.000273192	         0.000146408	         0.000419600
 20753	     -248000	 0.088256798	26.137283786	-98.874069580	159.720835549	 0.000000000	         0.000257170	         0.000138292	         0.000395462
 20754	     -247000	 0.087061563	26.099049544	-92.388261084	159.731962333	 0.000000000	         0.000243896	         0.000131652	         0.000375549
 20755	     -246000	 0.085937024	26.057439325	-85.807785548	159.729148425	 0.000000000	         0.000232982	         0.000126345	         0.000359327
 20756	     -245000	 0.084837261	26.012087405	-79.205416717	159.708901039	 0.000000000	         0.000224400	         0.000122384	         0.000346784
 20757	     -244000	 0.083570284	25.963060743	-72.432099440	159.662068877	 0.000000000	         0.000217583	         0.000119392	         0.000336975
 20758	     -243000	 0.082473098	25.909767900	-65.770256756	159.595571247	 0.000000000	         0.000212133	         0.000117202	         0.000329335
 20759	     -242000	 0.081257461	25.852258478	-59.000409889	159.503564647	 0.000000000	         0.000207888	         0.000115690	         0.000323578
 20760	     -241000	 0.080212915	25.790305687	-52.102418923	159.393441466	 0.000000000	         0.000204563	         0.000114750	         0.000319313
 20761	     -240000	 0.078985752	25.723396119	-45.225849260	159.255201616	 0.000000000	         0.000201652	         0.000114052	         0.000315704
 20762	     -239000	 0.077809760	25.652017403	-38.305855899	159.100861459	 0.000000000	         0.000199294	         0.000113718	         0.000313013
 20763	     -238000	 0.076746489	25.575793674	-31.354512297	158.929254619	 0.000000000	         0.000196857	         0.000113378	         0.000310235
 20764	     -237000	 0.075574847	25.494512236	-24.181605469	158.736560409	 0.000000000	         0.000194366	         0.000113030	         0.000307397
 20765	     -236000	 0.074357476	25.408542225	-17.128978698	158.527447504	 0.000000000	         0.000191016	         0.000112170	         0.000303186
 20766	     -235000	 0.073234805	25.317848233	-9.946566947	158.310777962	 0.000000000	         0.000187511	         0.000111302	         0.000298813
 20767	     -234000	 0.072168182	25.222592556	-2.545388764	158.083964685	 0.000000000	         0.000183546	         0.000110207	         0.000293753
 20768	     -233000	 0.070952499	25.122773472	 4.818408780	157.851321998	 0.000000000	         0.000178755	         0.000108582	         0.000287337
 20769	     -232000	 0.069936016	25.018740658	12.301997103	157.607432527	 0.000000000	         0.000172573	         0.000105989	         0.000278562
 20770	     -231000	 0.068973301	24.911019289	19.959323455	157.353911886	 0.000000000	         0.000165182	         0.000102551	         0.000267733
 20771	     -230000	 0.067997009	24.799561091	27.664641583	157.098091344	 0.000000000	         0.000156784	         0.000098459	         0.000255244
 20772	     -229000	 0.067151105	24.684901400	35.390531236	156.839950119	 0.000000000	         0.000147394	         0.000093688	         0.000241082
 20773	     -228000	 0.066404574	24.567622096	43.214197110	156.576621488	 0.000000000	         0.000136928	         0.000088133	         0.000225061
 20774	     -227000	 0.065653857	24.447706677	51.243808581	156.311264234	 0.000000000	         0.000125884	         0.000082113	         0.000207997
 20775	     -226000	 0.064951709	24.325966181	59.206724666	156.040301222	 0.000000000	         0.000113797	         0.000075244	         0.000189041
 20776	     -225000	 0.064316222	24.202554775	67.232864090	155.769614560	 0.000000000	         0.000101519	         0.000068085	         0.000169604
 20777	     -224000	 0.063895073	24.077650183	75.403386954	155.496249026	 0.000000000	         0.000089242	         0.000060744	         0.000149986
 20778	     -223000	 0.063424803	23.952189204	83.740377449	155.218716914	 0.000000000	         0.000077022	         0.000053207	         0.000130229
 20779	     -222000	 0.063026532	23.826103948	92.021320640	154.937680096	 0.000000000	         0.000065096	         0.000045635	         0.000110731
 20780	     -221000	 0.062815824	23.699807263	100.345313738	154.654934005	 0.000000000	         0.000053996	         0.000038396	         0.000092392
 20781	     -220000	 0.062794824	23.573951502	108.899672022	154.372233373	 0.000000000	         0.000044002	         0.000031705	         0.000075707
 20782	     -219000	 0.062824091	23.448913282	117.361595541	154.084135278	 0.000000000	         0.000034851	         0.000025376	         0.000060227
 20783	     -218000	 0.063038376	23.325311978	125.783973139	153.780244525	 0.000000000	         0.000026467	         0.000019184	         0.000045651
 20784	     -217000	 0.063548061	23.203501937	134.368671742	153.476117790	 0.000000000	         0.000019437	         0.000014000	         0.000033437
 20785	     -216000	 0.063922666	23.084272426	142.734028062	153.175980771	 0.000000000	         0.000013939	         0.000009964	         0.000023903
 20786	     -215000	 0.064617805	22.968865474	151.067261629	152.878532058	 0.000000000	         0.000009863	         0.000006990	         0.000016853
 20787	     -214000	 0.065394522	22.857430117	159.352650667	152.575971957	 0.000000000	         0.000006795	         0.000004765	         0.000011559
 20788	     -213000	 0.066235999	22.750743597	167.744935617	152.281476217	 0.000000000	         0.000004609	         0.000003191	         0.000007799
 20789	     -212000	 0.067152140	22.650412830	175.864595794	151.980574380	 0.000000000	         0.000003026	         0.000002060	         0.000005086
 20790	     -211000	 0.068139249	22.556723721	-175.963985569	151.683020223	 0.000000000	         0.000001934	         0.000001288	         0.000003222
 20791	     -210000	 0.069443814	22.470342526	-167.940219215	151.408600321	 0.000000000	         0.000001238	         0.000000802	         0.000002040
 20792	     -209000	 0.070617138	22.392214097	-159.815565426	151.148410332	 0.000000000	         0.000000789	         0.000000492	         0.000001281
 20793	     -208000	 0.071985370	22.322864136	-151.888184450	150.899923209	 0.000000000	         0.000000504	         0.000000297	         0.000000801
 20794	     -207000	 0.073458104	22.262747901	-144.068381244	150.653914131	 0.000000000	         0.000000319	         0.000000173	         0.000000492
 20795	     -206000	 0.075120855	22.212035729	-136.251320771	150.425615593	 0.000000000	         0.000000207	         0.000000100	         0.000000307
 20796	     -205000	 0.076737766	22.170958981	-128.643093562	150.231696461	 0.000000000	         0.000000144	         0.000000060	         0.000000204
 20797	     -204000	 0.078482218	22.139849133	-121.130412554	150.090396042	 0.000000000	         0.000000112	         0.000000039	         0.000000152
 20798	     -203000	 0.080369184	22.118414728	-113.637767311	150.034534262	 0.000000000	         0.000000102	         0.000000033	         0.000000134
 20799	     -202000	 0.082010663	22.106386947	-106.283407002	150.114399687	 0.000000000	         0.000000113	         0.000000040	         0.000000153
 20800	     -201000	 0.083790603	22.103921105	-99.101902423	150.288518866	 0.000000000	         0.000000145	         0.000000060	         0.000000205
 20801	     -200000	 0.085686492	22.110667977	-91.904583528	150.521420896	 0.000000000	         0.000000202	         0.000000096	         0.000000299
 20802	     -199000	 0.087488192	22.126492948	-84.673451494	150.779207564	 0.000000000	         0.000000287	         0.000000152	         0.000000439
 20803	     -198000	 0.089182195	22.151081704	-77.634370465	151.061005913	 0.000000000	         0.000000413	         0.000000234	         0.000000647
 20804	     -197000	 0.090949752	22.184204048	-70.570546328	151.347419008	 0.000000000	         0.000000582	         0.000000347	         0.000000929
 20805	     -196000	 0.092820032	22.225967428	-63.566359241	151.637530520	 0.000000000	         0.000000808	         0.000000499	         0.000001307
 20806	     -195000	 0.094580526	22.275899917	-56.587194676	151.929378496	 0.000000000	         0.000001108	         0.000000703	         0.000001810
 20807	     -194000	 0.096340585	22.333865163	-49.627717610	152.218867902	 0.000000000	         0.000001501	         0.000000973	         0.000002473
 20808	     -193000	 0.098168556	22.399929310	-42.788044175	152.506577166	 0.000000000	         0.000002018	         0.000001331	         0.000003350
 20809	     -192000	 0.099890725	22.473573327	-35.889283201	152.785710020	 0.000000000	         0.000002694	         0.000001804	         0.000004499
 20810	     -191000	 0.101491539	22.554538609	-29.109355819	153.046014346	 0.000000000	         0.000003544	         0.000002403	         0.000005947
 20811	     -190000	 0.103119931	22.642429967	-22.371864886	153.303045876	 0.000000000	         0.000004675	         0.000003206	         0.000007881
 20812	     -189000	 0.104762165	22.736553467	-15.542574495	153.553485381	 0.000000000	         0.000006181	         0.000004283	         0.000010464
 20813	     -188000	 0.106077970	22.836500981	-8.811766849	153.787380399	 0.000000000	         0.000008132	         0.000005686	         0.000013818
 20814	     -187000	 0.107434669	22.941096784	-2.088670295	154.012567349	 0.000000000	         0.000010705	         0.000007549	         0.000018254
 20815	     -186000	 0.108857953	23.049636574	 4.601140026	154.239607259	 0.000000000	         0.000014224	         0.000010111	         0.000024335
 20816	     -185000	 0.109993015	23.161433163	11.391258749	154.437011539	 0.000000000	         0.000018628	         0.000013335	         0.000031963
 20817	     -184000	 0.111154276	23.274779793	18.075142745	154.626278031	 0.000000000	         0.000024342	         0.000017540	         0.000041882
 20818	     -183000	 0.112174784	23.389163525	24.767088913	154.796324757	 0.000000000	         0.000031438	         0.000022543	         0.000053981
 20819	     -182000	 0.113292991	23.503736141	31.529888471	154.961367309	 0.000000000	         0.000040469	         0.000028812	         0.000069281
 20820	     -181000	 0.114098547	23.616823358	38.170783280	155.104927732	 0.000000000	         0.000051215	         0.000036162	         0.000087378
 20821	     -180000	 0.114960379	23.728200033	44.897340348	155.244496287	 0.000000000	         0.000064716	         0.000045305	         0.000110021
 20822	     -179000	 0.115733283	23.837101090	51.534811325	155.370573866	 0.000000000	         0.000080653	         0.000055955	         0.000136608
 20823	     -178000	 0.116291999	23.942451895	58.238455679	155.484578782	 0.000000000	         0.000099305	         0.000068297	         0.000167602
 20824	     -177000	 0.116752823	24.044306989	64.896406369	155.585647074	 0.000000000	         0.000120386	         0.000082044	         0.000202429
 20825	     -176000	 0.117113408	24.141974794	71.546340623	155.676612003	 0.000000000	         0.000143810	         0.000097130	         0.000240940
 20826	     -175000	 0.117516548	24.235187222	78.283318756	155.757771337	 0.000000000	         0.000169420	         0.000113434	         0.000282854
 20827	     -174000	 0.117497825	24.323989648	84.966749026	155.833131525	 0.000000000	         0.000196151	         0.000130223	         0.000326374
 20828	     -173000	 0.117583481	24.407713955	91.663245088	155.906531748	 0.000000000	         0.000224377	         0.000147787	         0.000372164
 20829	     -172000	 0.117702337	24.486545874	98.375414067	155.971406420	 0.000000000	         0.000252158	         0.000164737	         0.000416895
 20830	     -171000	 0.117448939	24.560379233	105.125170560	156.031397418	 0.000000000	         0.000277664	         0.000179950	         0.000457614
 20831	     -170000	 0.117294616	24.628515563	111.794927404	156.083560717	 0.000000000	         0.000300159	         0.000193015	         0.000493174
 20832	     -169000	 0.117051204	24.691056478	118.488750371	156.128158593	 0.000000000	         0.000317054	         0.000202121	         0.000519175
 20833	     -168000	 0.116694469	24.747679595	125.220845564	156.181179919	 0.000000000	         0.000329606	         0.000208760	         0.000538365
 20834	     -167000	 0.116144314	24.797742697	131.875763886	156.233527654	 0.000000000	         0.000336684	         0.000212197	         0.000548881
 20835	     -166000	 0.115557965	24.841092169	138.527230329	156.277126987	 0.000000000	         0.000337564	         0.000211688	         0.000549252
 20836	     -165000	 0.114953875	24.877326778	145.204853870	156.328473705	 0.000000000	         0.000335481	         0.000209487	         0.000544967
 20837	     -164000	 0.114064495	24.906202684	151.887366120	156.370574833	 0.000000000	         0.000326275	         0.000202743	         0.000529018
 20838	     -163000	 0.113160022	24.927437228	158.570460530	156.416793881	 0.000000000	         0.000313499	         0.000193988	         0.000507487
 20839	     -162000	 0.112205950	24.940877468	165.212851485	156.460811723	 0.000000000	         0.000296736	         0.000182911	         0.000479646
 20840	     -161000	 0.111128841	24.946788821	171.954724633	156.509901835	 0.000000000	         0.000277419	         0.000170502	         0.000447921
 20841	     -160000	 0.109982723	24.945086042	178.648317645	156.550404211	 0.000000000	         0.000255206	         0.000156335	         0.000411542
 20842	     -159000	 0.108782538	24.936099830	-174.666274991	156.682494734	 0.000000000	         0.000243778	         0.000150106	         0.000393884
 20843	     -158000	 0.107715009	24.920407394	-167.903733872	156.740443172	 0.000000000	         0.000221160	         0.000135986	         0.000357146
 20844	     -157000	 0.106270321	24.898263706	-161.189282645	156.683446580	 0.000000000	         0.000187735	         0.000114181	         0.000301915
 20845	     -156000	 0.104922200	24.870426901	-154.498520536	156.731065197	 0.000000000	         0.000167734	         0.000101984	         0.000269718
 20846	     -155000	 0.103729263	24.837516634	-147.811480016	156.772683488	 0.000000000	         0.000149342	         0.000090845	         0.000240187
 20847	     -154000	 0.102168826	24.799988809	-141.049107898	156.814486302	 0.000000000	         0.000132683	         0.000080821	         0.000213505
 20848	     -153000	 0.100670931	24.758772243	-134.374251356	156.847084395	 0.000000000	         0.000117978	         0.000072011	         0.000189990
 20849	     -152000	 0.099050831	24.714288333	-127.673192223	156.873581672	 0.000000000	         0.000105152	         0.000064362	         0.000169514
 20850	     -151000	 0.097504847	24.666984470	-120.928289197	156.895260316	 0.000000000	         0.000094176	         0.000057844	         0.000152020
 20851	     -150000	 0.095713095	24.617669046	-114.195970824	156.904144142	 0.000000000	         0.000084820	         0.000052323	         0.000137143
 20852	     -149000	 0.094027396	24.566731161	-107.364459453	156.906049197	 0.000000000	         0.000076897	         0.000047666	         0.000124563
 20853	     -148000	 0.092350801	24.514663224	-100.601377313	156.897575363	 0.000000000	         0.000070419	         0.000043897	         0.000114315
 20854	     -147000	 0.090555507	24.461999598	-93.694027070	156.875270819	 0.000000000	         0.000064948	         0.000040726	         0.000105674
 20855	     -146000	 0.088844758	24.409155167	-86.883208268	156.837847215	 0.000000000	         0.000060433	         0.000038141	         0.000098574
 20856	     -145000	 0.087160066	24.356869149	-80.031519317	156.791435972	 0.000000000	         0.000056847	         0.000036131	         0.000092978
 20857	     -144000	 0.085545294	24.305603580	-73.072406637	156.733253164	 0.000000000	         0.000053922	         0.000034510	         0.000088432
 20858	     -143000	 0.083716342	24.255741123	-66.165386214	156.660242404	 0.000000000	         0.000051649	         0.000033300	         0.000084950
 20859	     -142000	 0.082025317	24.208367750	-59.274259003	156.577592388	 0.000000000	         0.000049869	         0.000032384	         0.000082253
 20860	     -141000	 0.080457978	24.164038814	-52.329228644	156.490013152	 0.000000000	         0.000048556	         0.000031753	         0.000080310
 20861	     -140000	 0.078696245	24.123134581	-45.216632012	156.391924773	 0.000000000	         0.000047660	         0.000031379	         0.000079039
 20862	     -139000	 0.076969496	24.086768000	-38.227399418	156.293157259	 0.000000000	         0.000047189	         0.000031269	         0.000078458
 20863	     -138000	 0.075366589	24.055487843	-31.109108763	156.197220990	 0.000000000	         0.000047163	         0.000031440	         0.000078602
 20864	     -137000	 0.073717305	24.029761119	-23.857142940	156.099849043	 0.000000000	         0.000047466	         0.000031810	         0.000079276
 20865	     -136000	 0.072128219	24.010365752	-16.608955727	156.010844629	 0.000000000	         0.000048253	         0.000032488	         0.000080741
 20866	     -135000	 0.070672647	23.997586095	-9.235159750	155.929919289	 0.000000000	         0.000049517	         0.000033468	         0.000082984
 20867	     -134000	 0.069340845	23.991884948	-1.796399738	155.868570818	 0.000000000	         0.000051576	         0.000034983	         0.000086559
 20868	     -133000	 0.067942036	23.993669277	 5.696256998	155.819220452	 0.000000000	         0.000054300	         0.000036907	         0.000091207
 20869	     -132000	 0.066729839	24.002764835	13.248810693	155.779331768	 0.000000000	         0.000057553	         0.000039147	         0.000096700
 20870	     -131000	 0.065701973	24.019470099	20.755278576	155.754694580	 0.000000000	         0.000061590	         0.000041871	         0.000103461
 20871	     -130000	 0.064694497	24.043863929	28.501796313	155.744984106	 0.000000000	         0.000066666	         0.000045258	         0.000111924
 20872	     -129000	 0.063656618	24.075520037	36.212048969	155.746721309	 0.000000000	         0.000072565	         0.000049144	         0.000121709
 20873	     -128000	 0.062814077	24.114552563	43.884172650	155.766790029	 0.000000000	         0.000079725	         0.000053835	         0.000133560
 20874	     -127000	 0.062190036	24.160709998	51.712946281	155.795152032	 0.000000000	         0.000087972	         0.000059158	         0.000147129
 20875	     -126000	 0.061444730	24.213616146	59.658084167	155.838918973	 0.000000000	         0.000097652	         0.000065361	         0.000163013
 20876	     -125000	 0.060905279	24.273210693	67.612219870	155.893756287	 0.000000000	         0.000108710	         0.000072346	         0.000181057
 20877	     -124000	 0.060605483	24.338983445	75.549732808	155.955752845	 0.000000000	         0.000120968	         0.000079970	         0.000200939
 20878	     -123000	 0.060322707	24.410708946	83.744650553	156.030628286	 0.000000000	         0.000134957	         0.000088579	         0.000223536
 20879	     -122000	 0.060240268	24.488082597	91.730660396	156.115794639	 0.000000000	         0.000150230	         0.000097784	         0.000248014
 20880	     -121000	 0.060310521	24.570445804	99.843564380	156.212407789	 0.000000000	         0.000167202	         0.000107911	         0.000275113
 20881	     -120000	 0.060615009	24.657823538	107.946702881	156.320100809	 0.000000000	         0.000185730	         0.000118767	         0.000304497
 20882	     -119000	 0.060830186	24.749662816	115.985485139	156.420335952	 0.000000000	         0.000202776	         0.000128192	         0.000330968
 20883	     -118000	 0.061370590	24.845188461	123.980184656	156.540414339	 0.000000000	         0.000220548	         0.000137980	         0.000358529
 20884	     -117000	 0.061949112	24.944408877	131.926993379	156.668466931	 0.000000000	         0.000238436	         0.000147749	         0.000386185
 20885	     -116000	 0.062656318	25.046557463	139.966530563	156.813368292	 0.000000000	         0.000257652	         0.000158099	         0.000415751
 20886	     -115000	 0.063344079	25.150981367	147.884613261	156.967914127	 0.000000000	         0.000276830	         0.000168050	         0.000444879
 20887	     -114000	 0.064212536	25.257231565	155.720333812	157.131919623	 0.000000000	         0.000295545	         0.000177317	         0.000472862
 20888	     -113000	 0.065340905	25.364427051	163.588820020	157.308280491	 0.000000000	         0.000313599	         0.000186031	         0.000499630
 20889	     -112000	 0.066309641	25.472179031	171.506143729	157.497990934	 0.000000000	         0.000328913	         0.000192777	         0.000521691
 20890	     -111000	 0.067510544	25.579401868	179.246661016	157.701256706	 0.000000000	         0.000343001	         0.000198690	         0.000541691
 20891	     -110000	 0.068855438	25.685201799	-173.098507467	157.902664684	 0.000000000	         0.000352388	         0.000201357	         0.000553745
 20892	     -109000	 0.070223869	25.789257696	-165.346901108	158.135240675	 0.000000000	         0.000360612	         0.000203628	         0.000564240
 20893	     -108000	 0.071659924	25.890183728	-157.827053040	158.369480025	 0.000000000	         0.000365551	         0.000204055	         0.000569606
 20894	     -107000	 0.073248299	25.987304624	-150.343952519	158.612019797	 0.000000000	         0.000367729	         0.000203144	         0.000570873
 20895	     -106000	 0.074795665	26.080124831	-142.820398658	158.857511579	 0.000000000	         0.000366230	         0.000200282	         0.000566513
 20896	     -105000	 0.076303131	26.167376330	-135.424019480	159.103948698	 0.000000000	         0.000362733	         0.000196582	         0.000559315
 20897	     -104000	 0.077944678	26.249028824	-128.132242408	159.351297969	 0.000000000	         0.000357736	         0.000192290	         0.000550026
 20898	     -103000	 0.079653700	26.324399442	-120.835778795	159.594503416	 0.000000000	         0.000351199	         0.000187454	         0.000538653
 20899	     -102000	 0.081245405	26.392558106	-113.497879067	159.830363358	 0.000000000	         0.000343850	         0.000182415	         0.000526265
 20900	     -101000	 0.082905851	26.454010751	-106.255601474	160.053798205	 0.000000000	         0.000336694	         0.000177724	         0.000514418
 20901	     -100000	 0.084561943	26.508018289	-99.117519156	160.262323497	 0.000000000	         0.000330509	         0.000173807	         0.000504315
 20902	      -99000	 0.086389596	26.554242789	-91.905895043	160.458949654	 0.000000000	         0.000325431	         0.000170777	         0.000496208
 20903	      -98000	 0.088081511	26.593184343	-84.744085779	160.626068435	 0.000000000	         0.000321932	         0.000168697	         0.000490629
 20904	      -97000	 0.089787700	26.624056541	-77.666208382	160.768868080	 0.000000000	         0.000320599	         0.000167982	         0.000488581
 20905	      -96000	 0.091655547	26.647071155	-70.662619373	160.888831216	 0.000000000	         0.000321703	         0.000168776	         0.000490479
 20906	      -95000	 0.093266542	26.662376195	-63.605205688	160.970902201	 0.000000000	         0.000325629	         0.000171246	         0.000496875
 20907	      -94000	 0.094958482	26.669034293	-56.669115065	161.019426431	 0.000000000	         0.000331790	         0.000175016	         0.000506806
 20908	      -93000	 0.096624922	26.667533742	-49.773580760	161.036148763	 0.000000000	         0.000340898	         0.000180608	         0.000521505
 20909	      -92000	 0.098202523	26.657526368	-42.752537474	161.015494033	 0.000000000	         0.000352919	         0.000187899	         0.000540818
 20910	      -91000	 0.099606850	26.638211146	-35.896984838	160.957294190	 0.000000000	         0.000367092	         0.000196576	         0.000563668
 20911	      -90000	 0.101130171	26.610110151	-28.990237958	160.867425714	 0.000000000	         0.000383373	         0.000206538	         0.000589911
 20912	      -89000	 0.102664151	26.572540978	-22.129805873	160.747035611	 0.000000000	         0.000401440	         0.000217793	         0.000619232
 20913	      -88000	 0.103938334	26.525369198	-15.179889311	160.592085856	 0.000000000	         0.000421065	         0.000230049	         0.000651114
 20914	      -87000	 0.105376627	26.469033618	-8.342102924	160.416285460	 0.000000000	         0.000441114	         0.000242868	         0.000683983
 20915	      -86000	 0.106668109	26.402954897	-1.543456330	160.222312691	 0.000000000	         0.000461845	         0.000256478	         0.000718323
 20916	      -85000	 0.108043764	26.327790236	 5.312996708	160.010507773	 0.000000000	         0.000482669	         0.000270398	         0.000753067
 20917	      -84000	 0.109259935	26.244140463	12.093140301	159.776490592	 0.000000000	         0.000500253	         0.000282368	         0.000782621
 20918	      -83000	 0.110408185	26.151993854	18.843266466	159.528340714	 0.000000000	         0.000514845	         0.000292818	         0.000807664
 20919	      -82000	 0.111609594	26.052463392	25.574114090	159.272603917	 0.000000000	         0.000526622	         0.000301968	         0.000828590
 20920	      -81000	 0.112501109	25.946124628	32.336435922	159.002803920	 0.000000000	         0.000532751	         0.000307893	         0.000840644
 20921	      -80000	 0.113406621	25.833775016	38.994944817	158.736300175	 0.000000000	         0.000535116	         0.000312091	         0.000847206
 20922	      -79000	 0.114262012	25.716485790	45.670824323	158.460176699	 0.000000000	         0.000530819	         0.000312301	         0.000843120
 20923	      -78000	 0.114959478	25.594536256	52.460908210	158.180577051	 0.000000000	         0.000521224	         0.000309513	         0.000830738
 20924	      -77000	 0.115469999	25.469291967	59.116301864	157.902205462	 0.000000000	         0.000504618	         0.000302543	         0.000807162
 20925	      -76000	 0.116021941	25.341276495	65.800550868	157.622447028	 0.000000000	         0.000482256	         0.000291974	         0.000774230
 20926	      -75000	 0.116517503	25.210584791	72.546362805	157.344345768	 0.000000000	         0.000455643	         0.000278812	         0.000734454
 20927	      -74000	 0.116826335	25.078499544	79.258085071	157.070074030	 0.000000000	         0.000423919	         0.000262186	         0.000686106
 20928	      -73000	 0.117170715	24.945015705	85.940955413	156.792544661	 0.000000000	         0.000387805	         0.000242495	         0.000630300
 20929	      -72000	 0.117469291	24.810374084	92.589489467	156.522704743	 0.000000000	         0.000350208	         0.000221623	         0.000571831
 20930	      -71000	 0.117543929	24.675477741	99.298374357	156.255319608	 0.000000000	         0.000310975	         0.000199269	         0.000510244
 20931	      -70000	 0.117618325	24.539939096	105.940208940	155.991040091	 0.000000000	         0.000271831	         0.000176502	         0.000448334
 20932	      -69000	 0.117522174	24.404474741	112.524463742	155.727752719	 0.000000000	         0.000233140	         0.000153489	         0.000386629
 20933	      -68000	 0.117449283	24.269751992	119.183202480	155.454895203	 0.000000000	         0.000195025	         0.000130142	         0.000325166
 20934	      -67000	 0.117090878	24.135524532	125.821109120	155.195186289	 0.000000000	         0.000160185	         0.000108491	         0.000268676
 20935	      -66000	 0.116695719	24.003138132	132.442937564	154.937872508	 0.000000000	         0.000129119	         0.000088837	         0.000217956
 20936	      -65000	 0.116303997	23.872912780	139.025205085	154.682624508	 0.000000000	         0.000102598	         0.000071750	         0.000174349
 20937	      -64000	 0.115626432	23.745097477	145.748638834	154.433631352	 0.000000000	         0.000080461	         0.000057201	         0.000137663
 20938	      -63000	 0.114999642	23.621418574	152.379810965	154.185098878	 0.000000000	         0.000062221	         0.000044880	         0.000107101
 20939	      -62000	 0.114283649	23.501979354	159.003532598	153.945622998	 0.000000000	         0.000047710	         0.000034859	         0.000082569
 20940	      -61000	 0.113531030	23.387438017	165.788285431	153.733087951	 0.000000000	         0.000036533	         0.000026677	         0.000063209
 20941	      -60000	 0.112551005	23.279325931	172.409679135	153.503752056	 0.000000000	         0.000027120	         0.000019689	         0.000046809
 20942	      -59000	 0.111658036	23.177564718	179.133667452	153.295103402	 0.000000000	         0.000020275	         0.000014628	         0.000034904
 20943	      -58000	 0.110711029	23.082932068	-174.188779185	153.091687991	 0.000000000	         0.000015036	         0.000010773	         0.000025809
 20944	      -57000	 0.109515538	22.996088468	-167.406446767	152.924284907	 0.000000000	         0.000011393	         0.000008104	         0.000019497
 20945	      -56000	 0.108363066	22.916897378	-160.680149192	152.774242460	 0.000000000	         0.000008747	         0.000006175	         0.000014923
 20946	      -55000	 0.107077802	22.845945713	-153.941067852	152.644523081	 0.000000000	         0.000006836	         0.000004788	         0.000011624
 20947	      -54000	 0.105870971	22.782890099	-147.097706932	152.530866122	 0.000000000	         0.000005419	         0.000003765	         0.000009184
 20948	      -53000	 0.104417335	22.727644816	-140.251906593	152.444367500	 0.000000000	         0.000004424	         0.000003049	         0.000007474
 20949	      -52000	 0.102994626	22.680345848	-133.366406660	152.381248768	 0.000000000	         0.000003720	         0.000002544	         0.000006264
 20950	      -51000	 0.101645415	22.640205081	-126.436007151	152.333562044	 0.000000000	         0.000003191	         0.000002167	         0.000005358
 20951	      -50000	 0.100119271	22.607092644	-119.417466034	152.309960329	 0.000000000	         0.000002824	         0.000001906	         0.000004730
 20952	      -49000	 0.098719944	22.580843085	-112.431172354	152.318673088	 0.000000000	         0.000002606	         0.000001750	         0.000004356
 20953	      -48000	 0.097327639	22.560765671	-105.413531728	152.345410347	 0.000000000	         0.000002471	         0.000001654	         0.000004125
 20954	      -47000	 0.095885444	22.546799816	-98.199139184	152.388875438	 0.000000000	         0.000002397	         0.000001601	         0.000003998
 20955	      -46000	 0.094317785	22.538581050	-91.111280432	152.445075523	 0.000000000	         0.000002385	         0.000001591	         0.000003975
 20956	      -45000	 0.092896913	22.535811908	-83.975039159	152.516000332	 0.000000000	         0.000002428	         0.000001620	         0.000004049
 20957	      -44000	 0.091485680	22.538513383	-76.684787866	152.588918135	 0.000000000	         0.000002503	         0.000001672	         0.000004175
 20958	      -43000	 0.089945496	22.546225509	-69.303197442	152.673616434	 0.000000000	         0.000002641	         0.000001768	         0.000004409
 20959	      -42000	 0.088494078	22.558982839	-61.940482079	152.755594896	 0.000000000	         0.000002813	         0.000001888	         0.000004701
 20960	      -41000	 0.087043053	22.576574128	-54.500406596	152.840641667	 0.000000000	         0.000003042	         0.000002050	         0.000005092
 20961	      -40000	 0.085663300	22.598675755	-46.906747096	152.928583906	 0.000000000	         0.000003338	         0.000002259	         0.000005597
 20962	      -39000	 0.084406687	22.625248227	-39.268699058	153.010246712	 0.000000000	         0.000003687	         0.000002505	         0.000006192
 20963	      -38000	 0.083106709	22.655842399	-31.584854197	153.082760183	 0.000000000	         0.000004085	         0.000002789	         0.000006874
 20964	      -37000	 0.082107173	22.690279986	-23.777141751	153.159438586	 0.000000000	         0.000004590	         0.000003149	         0.000007739
 20965	      -36000	 0.080938392	22.728272811	-15.967998783	153.228736975	 0.000000000	         0.000005178	         0.000003570	         0.000008748
 20966	      -35000	 0.079978433	22.769121224	-8.166579713	153.300285345	 0.000000000	         0.000005900	         0.000004088	         0.000009988
 20967	      -34000	 0.079200362	22.812710091	-0.359243973	153.376424141	 0.000000000	         0.000006798	         0.000004736	         0.000011534
 20968	      -33000	 0.078368383	22.858599208	 7.685635996	153.451603005	 0.000000000	         0.000007894	         0.000005528	         0.000013421
 20969	      -32000	 0.077598151	22.906127907	15.553126894	153.527165071	 0.000000000	         0.000009201	         0.000006476	         0.000015677
 20970	      -31000	 0.076900570	22.955183869	23.468249189	153.591929444	 0.000000000	         0.000010657	         0.000007536	         0.000018192
 20971	      -30000	 0.076487262	23.005260569	31.480229612	153.656948763	 0.000000000	         0.000012384	         0.000008797	         0.000021180
 20972	      -29000	 0.075902330	23.056244648	39.540608954	153.723929730	 0.000000000	         0.000014440	         0.000010302	         0.000024742
 20973	      -28000	 0.075595269	23.107801237	47.564478212	153.784663167	 0.000000000	         0.000016725	         0.000011980	         0.000028704
 20974	      -27000	 0.075350067	23.159537581	55.577029363	153.844798521	 0.000000000	         0.000019340	         0.000013905	         0.000033245
 20975	      -26000	 0.075234139	23.211862617	63.692760471	153.904899724	 0.000000000	         0.000022319	         0.000016103	         0.000038421
 20976	      -25000	 0.075264147	23.264376467	71.597343917	153.963753737	 0.000000000	         0.000025579	         0.000018514	         0.000044093
 20977	      -24000	 0.075386364	23.316994403	79.578954515	154.019026860	 0.000000000	         0.000029103	         0.000021125	         0.000050228
 20978	      -23000	 0.075664484	23.370248521	87.487799704	154.080626636	 0.000000000	         0.000033086	         0.000024081	         0.000057167
 20979	      -22000	 0.075904585	23.423836015	95.314103165	154.134667211	 0.000000000	         0.000037054	         0.000026975	         0.000064029
 20980	      -21000	 0.076213925	23.477962509	103.033806906	154.190594496	 0.000000000	         0.000041070	         0.000029819	         0.000070889
 20981	      -20000	 0.076713896	23.533051402	110.676182490	154.257441291	 0.000000000	         0.000045556	         0.000032965	         0.000078521
 20982	      -19000	 0.077230707	23.588964380	118.452530545	154.322754396	 0.000000000	         0.000049937	         0.000035988	         0.000085925
 20983	      -18000	 0.077641295	23.646252412	125.960268988	154.383383819	 0.000000000	         0.000053682	         0.000038484	         0.000092166
 20984	      -17000	 0.078233217	23.705011777	133.450221427	154.456389219	 0.000000000	         0.000057197	         0.000040778	         0.000097975
 20985	      -16000	 0.079013665	23.765397277	140.960763547	154.548521252	 0.000000000	         0.000061432	         0.000043583	         0.000105015
 20986	      -15000	 0.079622813	23.828158458	148.371787505	154.640291898	 0.000000000	         0.000065444	         0.000046168	         0.000111612
 20987	      -14000	 0.080432836	23.893156113	155.665201935	154.749994135	 0.000000000	         0.000069980	         0.000049019	         0.000118999
 20988	      -13000	 0.081318133	23.960901417	162.914934246	154.874771972	 0.000000000	         0.000074727	         0.000051915	         0.000126643
 20989	      -12000	 0.082179039	24.031878352	170.097559659	155.014317970	 0.000000000	         0.000079412	         0.000054632	         0.000134044
 20990	      -11000	 0.083078657	24.105961246	177.133908653	155.167579597	 0.000000000	         0.000084006	         0.000057160	         0.000141166
 20991	      -10000	 0.084058613	24.183811399	-175.917851386	155.330243663	 0.000000000	         0.000088188	         0.000059224	         0.000147412
 20992	       -9000	 0.085022293	24.265555248	-168.930289777	155.532564383	 0.000000000	         0.000093216	         0.000061795	         0.000155011
 20993	       -8000	 0.085893190	24.351202710	-162.124041770	155.736424936	 0.000000000	         0.000097255	         0.000063519	         0.000160775
 20994	       -7000	 0.086789046	24.441161342	-155.329110324	155.971725550	 0.000000000	         0.000102001	         0.000065668	         0.000167669
 20995	       -6000	 0.087816822	24.535253348	-148.611102880	156.217032769	 0.000000000	         0.000106342	         0.000067419	         0.000173761
 20996	       -5000	 0.088700617	24.633724519	-141.855828162	156.481730713	 0.000000000	         0.000110617	         0.000069050	         0.000179667
 20997	       -4000	 0.089582487	24.736458153	-135.201045521	156.765004686	 0.000000000	         0.000115186	         0.000070830	         0.000186016
 20998	       -3000	 0.090497330	24.843270758	-128.653555394	157.056684470	 0.000000000	         0.000119688	         0.000072453	         0.000192141
 20999	       -2000	 0.091571466	24.954662590	-121.964549131	157.369627240	 0.000000000	         0.000124537	         0.000074285	         0.000198822
 21000	       -1000	 0.092413567	25.070009643	-115.454439254	157.682137146	 0.000000000	         0.000129646	         0.000076196	         0.000205841
 21001	           0	 0.093315101	25.189417000	-108.955069177	158.009664047	 0.000000000	         0.000135752	         0.000078704	         0.000214456
