LaskarTimestep	time_years	ecc	obl	Lsp	Tsurf	SF12	ForcedConv	FreeConv	TotalSubl
 20501	     -500000	 0.053483653	32.703763755	-67.814367410	167.097476139	 0.000000000	         0.004865190	         0.002267249	         0.007132439
 20502	     -499000	 0.053288153	32.488620538	-59.367825181	166.842934441	 0.000000000	         0.004630892	         0.002158406	         0.006789299
 20503	     -498000	 0.053377802	32.256228450	-50.865905620	166.551522760	 0.000000000	         0.004409669	         0.002056493	         0.006466162
 20504	     -497000	 0.053647700	32.006039467	-42.223229794	166.168364926	 0.000000000	         0.004158632	         0.001932216	         0.006090847
 20505	     -496000	 0.054047376	31.738155109	-33.689989970	165.855689318	 0.000000000	         0.004000622	         0.001871339	         0.005871961
 20506	     -495000	 0.054631131	31.454701396	-25.262552658	165.397895179	 0.000000000	         0.003752302	         0.001748399	         0.005500701
 20507	     -494000	 0.055503104	31.154095440	-16.914646569	164.964624410	 0.000000000	         0.003542991	         0.001653741	         0.005196732
 20508	     -493000	 0.056285559	30.837897089	-8.625617696	164.497151938	 0.000000000	         0.003329158	         0.001556888	         0.004886046
 20509	     -492000	 0.057273798	30.508467070	-0.601773950	164.007365967	 0.000000000	         0.003103531	         0.001454247	         0.004557778
 20510	     -491000	 0.058303969	30.164542217	 7.329286080	163.497014797	 0.000000000	         0.002870696	         0.001347894	         0.004218590
 20511	     -490000	 0.059484652	29.808813997	15.267923373	162.964942908	 0.000000000	         0.002631495	         0.001237696	         0.003869191
 20512	     -489000	 0.060538153	29.442650094	23.011034297	162.414836353	 0.000000000	         0.002381367	         0.001121859	         0.003503226
 20513	     -488000	 0.061639490	29.066784175	30.704745155	161.846733430	 0.000000000	         0.002125438	         0.001003350	         0.003128788
 20514	     -487000	 0.062886122	28.683922654	38.224408913	161.263868244	 0.000000000	         0.001866072	         0.000882691	         0.002748763
 20515	     -486000	 0.064104852	28.293832465	45.936134667	160.660993706	 0.000000000	         0.001610378	         0.000763568	         0.002373946
 20516	     -485000	 0.065275801	27.899601971	53.414207966	160.047429024	 0.000000000	         0.001359141	         0.000646442	         0.002005583
 20517	     -484000	 0.066523121	27.502929228	60.816856720	159.422621164	 0.000000000	         0.001120969	         0.000535219	         0.001656188
 20518	     -483000	 0.067980414	27.102757701	68.326978207	158.780202043	 0.000000000	         0.000900652	         0.000432120	         0.001332772
 20519	     -482000	 0.069279862	26.702831910	75.589135537	158.129186002	 0.000000000	         0.000700247	         0.000338079	         0.001038327
 20520	     -481000	 0.070766927	26.303573924	82.822812481	157.463410697	 0.000000000	         0.000525690	         0.000255989	         0.000781679
 20521	     -480000	 0.072297673	25.904594183	90.011690551	156.779110258	 0.000000000	         0.000377299	         0.000185781	         0.000563079
 20522	     -479000	 0.073750478	25.509120825	97.135510913	156.078569360	 0.000000000	         0.000256885	         0.000128437	         0.000385322
 20523	     -478000	 0.075291017	25.116205047	104.020098171	155.353694797	 0.000000000	         0.000163380	         0.000083362	         0.000246741
 20524	     -477000	 0.076898065	24.726864180	110.918557181	154.596254060	 0.000000000	         0.000095082	         0.000049938	         0.000145020
 20525	     -476000	 0.078610144	24.343391493	117.769152026	153.798580063	 0.000000000	         0.000048960	         0.000026795	         0.000075755
 20526	     -475000	 0.080147059	23.964548390	124.453057477	152.924570229	 0.000000000	         0.000020473	         0.000011921	         0.000032394
 20527	     -474000	 0.081736300	23.592875073	131.020021714	151.940212073	 0.000000000	         0.000005989	         0.000003880	         0.000009869
 20528	     -473000	 0.083438263	23.229283684	137.468539094	150.666219153	 0.000000000	         0.000000592	         0.000000361	         0.000000953
 20529	     -472000	 0.085024744	22.873732872	143.925470048	149.335715118	 0.000000000	         0.000000049	         0.000000001	         0.000000050
 20530	     -471000	 0.086547933	22.529770671	150.195334867	149.334818393	 0.000000000	         0.000000049	         0.000000001	         0.000000050
 20531	     -470000	 0.088039061	22.197244271	156.361051185	149.333371200	 0.000000000	         0.000000049	         0.000000001	         0.000000050
 20532	     -469000	 0.089502226	21.877494687	162.561079922	149.331346378	 0.000000000	         0.000000049	         0.000000001	         0.000000050
 20533	     -468000	 0.090729618	21.573982193	168.627502878	149.328751849	 0.000000000	         0.000000049	         0.000000001	         0.000000050
 20534	     -467000	 0.091988770	21.286308398	174.612217699	149.325741123	 0.000000000	         0.000000049	         0.000000001	         0.000000050
 20535	     -466000	 0.093237521	21.016546235	-179.294602679	149.322198882	 0.000000000	         0.000000049	         0.000000001	         0.000000049
 20536	     -465000	 0.094204887	20.766837482	-173.280920725	149.318177726	 0.000000000	         0.000000049	         0.000000001	         0.000000049
 20537	     -464000	 0.095244397	20.537205881	-167.314968424	149.313830611	 0.000000000	         0.000000049	         0.000000001	         0.000000049
 20538	     -463000	 0.096312874	20.329546983	-161.363161225	149.309139337	 0.000000000	         0.000000048	         0.000000001	         0.000000049
 20539	     -462000	 0.097278858	20.143863604	-155.323193101	149.304005772	 0.000000000	         0.000000048	         0.000000001	         0.000000049
 20540	     -461000	 0.098254956	19.980760304	-149.424423734	149.298693600	 0.000000000	         0.000000048	         0.000000001	         0.000000049
 20541	     -460000	 0.099104240	19.841112321	-143.506292126	149.293072752	 0.000000000	         0.000000048	         0.000000001	         0.000000049
 20542	     -459000	 0.100206210	19.723633083	-137.617000694	149.287257376	 0.000000000	         0.000000048	         0.000000001	         0.000000049
 20543	     -458000	 0.101029490	19.628903216	-131.780502330	149.281272010	 0.000000000	         0.000000048	         0.000000001	         0.000000049
 20544	     -457000	 0.101843791	19.556180600	-125.984251201	149.275173829	 0.000000000	         0.000000048	         0.000000001	         0.000000049
 20545	     -456000	 0.102644204	19.504268931	-120.267447087	149.269052088	 0.000000000	         0.000000048	         0.000000001	         0.000000049
 20546	     -455000	 0.103279566	19.473503825	-114.469057938	149.262815731	 0.000000000	         0.000000048	         0.000000001	         0.000000049
 20547	     -454000	 0.103740329	19.461807786	-108.793202614	149.256766618	 0.000000000	         0.000000048	         0.000000001	         0.000000049
 20548	     -453000	 0.104099069	19.468549107	-103.074824993	149.250800193	 0.000000000	         0.000000048	         0.000000001	         0.000000049
 20549	     -452000	 0.104512313	19.493756510	-97.261009048	149.244896924	 0.000000000	         0.000000048	         0.000000001	         0.000000048
 20550	     -451000	 0.104488019	19.535143430	-91.476132378	149.239448277	 0.000000000	         0.000000048	         0.000000001	         0.000000048
 20551	     -450000	 0.104580432	19.592772102	-85.643813392	149.234273458	 0.000000000	         0.000000048	         0.000000001	         0.000000048
 20552	     -449000	 0.104597861	19.666035783	-79.761277806	149.229534962	 0.000000000	         0.000000048	         0.000000001	         0.000000048
 20553	     -448000	 0.104415746	19.753339038	-73.738059487	149.225341413	 0.000000000	         0.000000047	         0.000000001	         0.000000048
 20554	     -447000	 0.104213875	19.855322745	-67.798218820	149.221849554	 0.000000000	         0.000000047	         0.000000001	         0.000000048
 20555	     -446000	 0.103913767	19.970649858	-61.716485987	149.219050420	 0.000000000	         0.000000047	         0.000000001	         0.000000048
 20556	     -445000	 0.103632189	20.098451812	-55.561593016	149.217004760	 0.000000000	         0.000000047	         0.000000001	         0.000000048
 20557	     -444000	 0.103142396	20.239479855	-49.397543857	149.215954415	 0.000000000	         0.000000047	         0.000000001	         0.000000048
 20558	     -443000	 0.102594499	20.392340109	-43.180589867	149.215838501	 0.000000000	         0.000000047	         0.000000001	         0.000000048
 20559	     -442000	 0.102094276	20.556316961	-36.906770136	149.216620932	 0.000000000	         0.000000047	         0.000000001	         0.000000048
 20560	     -441000	 0.101418020	20.731396369	-30.501263454	149.218501705	 0.000000000	         0.000000047	         0.000000001	         0.000000048
 20561	     -440000	 0.100612810	20.916451762	-24.131887082	149.221401757	 0.000000000	         0.000000047	         0.000000001	         0.000000048
 20562	     -439000	 0.099801682	21.110735354	-17.707785438	149.225222180	 0.000000000	         0.000000047	         0.000000001	         0.000000048
 20563	     -438000	 0.098991063	21.313165946	-11.120461420	149.229990025	 0.000000000	         0.000000048	         0.000000001	         0.000000048
 20564	     -437000	 0.097988888	21.522641323	-4.589955745	149.235596741	 0.000000000	         0.000000048	         0.000000001	         0.000000048
 20565	     -436000	 0.097012296	21.738411815	 1.999400543	149.241886237	 0.000000000	         0.000000048	         0.000000001	         0.000000049
 20566	     -435000	 0.096112405	21.959199964	 8.708213249	149.248797557	 0.000000000	         0.000000048	         0.000000001	         0.000000049
 20567	     -434000	 0.094871947	22.183936174	15.425421999	149.256248686	 0.000000000	         0.000000048	         0.000000001	         0.000000049
 20568	     -433000	 0.093717211	22.411455413	22.149081502	149.263910846	 0.000000000	         0.000000048	         0.000000001	         0.000000049
 20569	     -432000	 0.092570945	22.641216795	28.915953590	149.271710263	 0.000000000	         0.000000048	         0.000000001	         0.000000049
 20570	     -431000	 0.091280719	22.872575902	35.851098345	149.279652425	 0.000000000	         0.000000048	         0.000000001	         0.000000049
 20571	     -430000	 0.089880819	23.104270285	42.752121722	150.808300554	 0.000000000	         0.000000525	         0.000000313	         0.000000837
 20572	     -429000	 0.088407314	23.336253064	49.761852521	151.667427597	 0.000000000	         0.000002387	         0.000001612	         0.000003999
 20573	     -428000	 0.087055942	23.568404303	56.828114803	152.326099817	 0.000000000	         0.000006255	         0.000003944	         0.000010199
 20574	     -427000	 0.085523656	23.800273683	64.050375750	152.887333012	 0.000000000	         0.000013106	         0.000007789	         0.000020895
 20575	     -426000	 0.084054184	24.031816180	71.371111583	153.389975982	 0.000000000	         0.000024175	         0.000013772	         0.000037947
 20576	     -425000	 0.082640209	24.262875673	78.704281287	153.848141253	 0.000000000	         0.000040599	         0.000022368	         0.000062967
 20577	     -424000	 0.081254428	24.494013611	86.283114421	154.274807434	 0.000000000	         0.000063763	         0.000034217	         0.000097979
 20578	     -423000	 0.079854296	24.725194202	93.752355689	154.682147658	 0.000000000	         0.000094788	         0.000049781	         0.000144569
 20579	     -422000	 0.078553475	24.955606627	101.346534410	155.071850089	 0.000000000	         0.000134514	         0.000069426	         0.000203941
 20580	     -421000	 0.077463566	25.186350218	109.066419876	155.448365479	 0.000000000	         0.000183556	         0.000093341	         0.000276897
 20581	     -420000	 0.076046534	25.417401988	116.810454550	155.807529082	 0.000000000	         0.000239099	         0.000119849	         0.000358948
 20582	     -419000	 0.074886169	25.647626042	124.541382536	156.167064016	 0.000000000	         0.000300996	         0.000149224	         0.000450220
 20583	     -418000	 0.073764864	25.877504820	132.342403219	156.525180195	 0.000000000	         0.000368634	         0.000181050	         0.000549684
 20584	     -417000	 0.072698089	26.106626624	140.330293506	156.883157997	 0.000000000	         0.000441363	         0.000214883	         0.000656246
 20585	     -416000	 0.071481174	26.334548067	148.230073918	157.246393930	 0.000000000	         0.000517225	         0.000249874	         0.000767099
 20586	     -415000	 0.070438602	26.560782398	156.299431877	157.610548187	 0.000000000	         0.000593417	         0.000284551	         0.000877967
 20587	     -414000	 0.069487040	26.784373933	164.407454804	157.978477668	 0.000000000	         0.000667092	         0.000317654	         0.000984745
 20588	     -413000	 0.068557237	27.005600883	172.584617908	158.356477279	 0.000000000	         0.000736544	         0.000348472	         0.001085015
 20589	     -412000	 0.067751789	27.223425841	-179.159080626	158.742138408	 0.000000000	         0.000799756	         0.000375937	         0.001175693
 20590	     -411000	 0.067111113	27.436839030	-170.906675002	159.141457928	 0.000000000	         0.000857575	         0.000400651	         0.001258226
 20591	     -410000	 0.066482115	27.646315655	-162.509726288	159.545550384	 0.000000000	         0.000906911	         0.000421333	         0.001328244
 20592	     -409000	 0.065904691	27.850601462	-154.211828413	159.949982694	 0.000000000	         0.000950243	         0.000439270	         0.001389512
 20593	     -408000	 0.065517944	28.049456228	-145.949687243	160.350016195	 0.000000000	         0.000987723	         0.000454457	         0.001442179
 20594	     -407000	 0.065332851	28.243228828	-137.516629651	160.749413865	 0.000000000	         0.001019639	         0.000467179	         0.001486818
 20595	     -406000	 0.064967014	28.430711575	-129.093539419	161.138367121	 0.000000000	         0.001048965	         0.000478791	         0.001527756
 20596	     -405000	 0.064812231	28.612340545	-120.827735272	161.515791807	 0.000000000	         0.001079824	         0.000491406	         0.001571230
 20597	     -404000	 0.064847606	28.788137444	-112.516470610	161.878792627	 0.000000000	         0.001111562	         0.000504477	         0.001616039
 20598	     -403000	 0.064893803	28.957411961	-104.127488074	162.224967026	 0.000000000	         0.001147671	         0.000519910	         0.001667581
 20599	     -402000	 0.065050817	29.120604728	-95.852665171	162.549215705	 0.000000000	         0.001191515	         0.000539179	         0.001730693
 20600	     -401000	 0.065326528	29.277183504	-87.650634931	162.847089572	 0.000000000	         0.001243942	         0.000562507	         0.001806450
 20601	     -400000	 0.065761510	29.427107531	-79.415707434	163.120011661	 0.000000000	         0.001307228	         0.000591208	         0.001898436
 20602	     -399000	 0.066134286	29.570418567	-71.395309280	163.359893093	 0.000000000	         0.001385695	         0.000627150	         0.002012845
 20603	     -398000	 0.066677957	29.705890532	-63.372382483	163.569487214	 0.000000000	         0.001478683	         0.000670176	         0.002148859
 20604	     -397000	 0.067321109	29.833968797	-55.517321169	163.748396985	 0.000000000	         0.001589149	         0.000721732	         0.002310882
 20605	     -396000	 0.067841888	29.954156486	-47.623770726	163.891621081	 0.000000000	         0.001721959	         0.000784206	         0.002506165
 20606	     -395000	 0.068446604	30.064871194	-39.894880808	164.000706052	 0.000000000	         0.001874169	         0.000856279	         0.002730448
 20607	     -394000	 0.069056594	30.166494758	-32.261133437	164.079090827	 0.000000000	         0.002049744	         0.000940152	         0.002989896
 20608	     -393000	 0.069830315	30.258005064	-24.580012009	164.125738758	 0.000000000	         0.002249021	         0.001036117	         0.003285139
 20609	     -392000	 0.070364828	30.338292323	-16.949489692	164.138407308	 0.000000000	         0.002474443	         0.001145659	         0.003620102
 20610	     -391000	 0.071069537	30.407452813	-9.422837673	164.126079583	 0.000000000	         0.002721615	         0.001266876	         0.003988491
 20611	     -390000	 0.071974637	30.464168161	-1.989558957	164.090504573	 0.000000000	         0.002989914	         0.001400161	         0.004390075
 20612	     -389000	 0.072694139	30.508252531	 5.597531740	164.030696750	 0.000000000	         0.003288048	         0.001549848	         0.004837895
 20613	     -388000	 0.073599872	30.539450689	12.910982524	163.956174091	 0.000000000	         0.003597515	         0.001706670	         0.005304184
 20614	     -387000	 0.074543853	30.556607757	20.224631820	163.862113237	 0.000000000	         0.003921139	         0.001872688	         0.005793827
 20615	     -386000	 0.075566540	30.560587332	27.486301600	163.751328127	 0.000000000	         0.004251269	         0.002044513	         0.006295781
 20616	     -385000	 0.076485975	30.550826221	34.596577097	163.624133601	 0.000000000	         0.004568531	         0.002211762	         0.006780293
 20617	     -384000	 0.077541059	30.526875215	41.661964832	163.481430562	 0.000000000	         0.004872499	         0.002374405	         0.007246904
 20618	     -383000	 0.078573765	30.489771046	48.661430888	163.326721210	 0.000000000	         0.005149798	         0.002524946	         0.007674743
 20619	     -382000	 0.079500041	30.438760556	55.635630547	163.217040916	 0.000000000	         0.005468616	         0.002714106	         0.008182721
 20620	     -381000	 0.080402545	30.374413693	62.482195433	162.985595224	 0.000000000	         0.005569703	         0.002758626	         0.008328329
 20621	     -380000	 0.081375338	30.297212191	69.296712439	162.801920863	 0.000000000	         0.005699220	         0.002833637	         0.008532857
 20622	     -379000	 0.082284373	30.206346938	76.185991488	162.666769761	 0.000000000	         0.005854003	         0.002938798	         0.008792801
 20623	     -378000	 0.083049984	30.103098249	82.990154027	162.410506245	 0.000000000	         0.005743596	         0.002867023	         0.008610620
 20624	     -377000	 0.083857725	29.987064110	89.737708666	162.266076965	 0.000000000	         0.005747666	         0.002890524	         0.008638190
 20625	     -376000	 0.084810534	29.857578588	96.491010331	162.039042280	 0.000000000	         0.005573077	         0.002798611	         0.008371688
 20626	     -375000	 0.085547898	29.716190947	103.293678277	161.767020519	 0.000000000	         0.005233884	         0.002603432	         0.007837316
 20627	     -374000	 0.086310245	29.561732534	109.980901135	161.605393490	 0.000000000	         0.005011947	         0.002504522	         0.007516470
 20628	     -373000	 0.087220885	29.394130740	116.615450043	161.376095964	 0.000000000	         0.004646392	         0.002312382	         0.006958773
 20629	     -372000	 0.087896304	29.214470266	123.340123235	161.138871714	 0.000000000	         0.004226848	         0.002092523	         0.006319371
 20630	     -371000	 0.088614506	29.021319542	129.933008314	160.824025194	 0.000000000	         0.003708959	         0.001809582	         0.005518541
 20631	     -370000	 0.089361930	28.815628023	136.537886158	160.634396451	 0.000000000	         0.003335992	         0.001632486	         0.004968478
 20632	     -369000	 0.090081311	28.597684364	143.171191562	160.301782785	 0.000000000	         0.002833197	         0.001366231	         0.004199428
 20633	     -368000	 0.090634649	28.366654751	149.716933363	160.091268445	 0.000000000	         0.002462619	         0.001192081	         0.003654700
 20634	     -367000	 0.091311248	28.124317198	156.301421281	159.727619722	 0.000000000	         0.002013072	         0.000959943	         0.002973015
 20635	     -366000	 0.092003515	27.870318059	162.767453622	159.416258350	 0.000000000	         0.001651921	         0.000784285	         0.002436206
 20636	     -365000	 0.092570801	27.604992693	169.371806482	159.089182124	 0.000000000	         0.001324755	         0.000626511	         0.001951266
 20637	     -364000	 0.093119552	27.330446081	175.827157039	158.752998624	 0.000000000	         0.001045948	         0.000493999	         0.001539947
 20638	     -363000	 0.093640067	27.046354091	-177.781266293	158.391022482	 0.000000000	         0.000806586	         0.000380330	         0.001186916
 20639	     -362000	 0.094269015	26.754330361	-171.315876311	158.019602399	 0.000000000	         0.000610291	         0.000288005	         0.000898295
 20640	     -361000	 0.094618814	26.456094150	-164.938958484	157.627006061	 0.000000000	         0.000451635	         0.000213834	         0.000665469
 20641	     -360000	 0.094987851	26.151951376	-158.573095958	157.208248591	 0.000000000	         0.000326252	         0.000155268	         0.000481519
 20642	     -359000	 0.095369622	25.844145517	-152.287201787	156.762309656	 0.000000000	         0.000229957	         0.000110303	         0.000340260
 20643	     -358000	 0.095473227	25.533561207	-145.888910310	156.285959608	 0.000000000	         0.000156942	         0.000076085	         0.000233028
 20644	     -357000	 0.095574329	25.221545497	-139.631422876	155.778220937	 0.000000000	         0.000103939	         0.000051173	         0.000155112
 20645	     -356000	 0.095678737	24.909951733	-133.296845744	155.237381769	 0.000000000	         0.000066174	         0.000033233	         0.000099407
 20646	     -355000	 0.095681203	24.598901010	-126.900619621	154.652801699	 0.000000000	         0.000039970	         0.000020611	         0.000060581
 20647	     -354000	 0.095478796	24.290557143	-120.577278446	154.024894023	 0.000000000	         0.000022713	         0.000012169	         0.000034881
 20648	     -353000	 0.095458718	23.985774359	-114.221628093	153.335698174	 0.000000000	         0.000011724	         0.000006620	         0.000018344
 20649	     -352000	 0.095398327	23.684513463	-107.865729250	152.561570751	 0.000000000	         0.000005201	         0.000003182	         0.000008383
 20650	     -351000	 0.095240376	23.389076636	-101.504116105	151.647497029	 0.000000000	         0.000001698	         0.000001121	         0.000002820
 20651	     -350000	 0.095096122	23.099399909	-95.173340010	150.283955507	 0.000000000	         0.000000181	         0.000000084	         0.000000265
 20652	     -349000	 0.094999252	22.816321285	-88.960469101	149.241329936	 0.000000000	         0.000000048	         0.000000001	         0.000000048
 20653	     -348000	 0.094841717	22.541726797	-82.657752735	149.236619907	 0.000000000	         0.000000048	         0.000000001	         0.000000048
 20654	     -347000	 0.094512503	22.274971487	-76.439575247	149.232592715	 0.000000000	         0.000000048	         0.000000001	         0.000000048
 20655	     -346000	 0.094194371	22.018276072	-70.308865275	149.229214212	 0.000000000	         0.000000048	         0.000000001	         0.000000048
 20656	     -345000	 0.093922140	21.772953009	-64.118712122	149.226432703	 0.000000000	         0.000000047	         0.000000001	         0.000000048
 20657	     -344000	 0.093300355	21.538672378	-57.930101235	149.224595815	 0.000000000	         0.000000047	         0.000000001	         0.000000048
 20658	     -343000	 0.092740138	21.318387692	-51.778747605	149.223496168	 0.000000000	         0.000000047	         0.000000001	         0.000000048
 20659	     -342000	 0.092169739	21.112794739	-45.610535095	149.223187607	 0.000000000	         0.000000047	         0.000000001	         0.000000048
 20660	     -341000	 0.091377557	20.922768657	-39.328442599	149.223844155	 0.000000000	         0.000000047	         0.000000001	         0.000000048
 20661	     -340000	 0.090607702	20.750964575	-33.105355782	149.225298768	 0.000000000	         0.000000047	         0.000000001	         0.000000048
 20662	     -339000	 0.089785060	20.597291952	-26.824862298	149.227596853	 0.000000000	         0.000000048	         0.000000001	         0.000000048
 20663	     -338000	 0.089049690	20.463408482	-20.398322624	149.230669631	 0.000000000	         0.000000048	         0.000000001	         0.000000048
 20664	     -337000	 0.088048229	20.351022249	-14.044232772	149.234610460	 0.000000000	         0.000000048	         0.000000001	         0.000000048
 20665	     -336000	 0.087204422	20.259465468	-7.571065312	149.239185494	 0.000000000	         0.000000048	         0.000000001	         0.000000048
 20666	     -335000	 0.086352283	20.189926936	-1.136674931	149.244328372	 0.000000000	         0.000000048	         0.000000001	         0.000000049
 20667	     -334000	 0.085383380	20.142635458	 5.477337224	149.250163308	 0.000000000	         0.000000048	         0.000000001	         0.000000049
 20668	     -333000	 0.084411295	20.117211449	12.081443414	149.256380516	 0.000000000	         0.000000048	         0.000000001	         0.000000049
 20669	     -332000	 0.083401064	20.113433214	18.708944067	149.262899298	 0.000000000	         0.000000048	         0.000000001	         0.000000049
 20670	     -331000	 0.082572941	20.130037738	25.472619980	149.269661429	 0.000000000	         0.000000048	         0.000000001	         0.000000049
 20671	     -330000	 0.081443003	20.167200157	32.335478137	149.276606286	 0.000000000	         0.000000048	         0.000000001	         0.000000049
 20672	     -329000	 0.080500513	20.223389509	39.240100701	149.283469060	 0.000000000	         0.000000048	         0.000000001	         0.000000049
 20673	     -328000	 0.079634605	20.296732395	46.215668489	149.290194533	 0.000000000	         0.000000048	         0.000000001	         0.000000049
 20674	     -327000	 0.078577853	20.387222098	53.398058906	149.296758640	 0.000000000	         0.000000048	         0.000000001	         0.000000049
 20675	     -326000	 0.077702044	20.492955878	60.513165202	149.302836493	 0.000000000	         0.000000048	         0.000000001	         0.000000049
 20676	     -325000	 0.076874934	20.612533407	67.807439301	149.308538912	 0.000000000	         0.000000049	         0.000000001	         0.000000049
 20677	     -324000	 0.076026922	20.745428963	75.252809962	149.313707723	 0.000000000	         0.000000049	         0.000000001	         0.000000049
 20678	     -323000	 0.075078032	20.889668314	82.739643953	149.318130600	 0.000000000	         0.000000049	         0.000000001	         0.000000049
 20679	     -322000	 0.074308601	21.044950268	90.312211677	149.321902779	 0.000000000	         0.000000049	         0.000000001	         0.000000050
 20680	     -321000	 0.073626079	21.210308968	98.027457036	149.324970728	 0.000000000	         0.000000049	         0.000000001	         0.000000050
 20681	     -320000	 0.072921001	21.384036563	105.993114824	149.327257908	 0.000000000	         0.000000049	         0.000000001	         0.000000050
 20682	     -319000	 0.072286571	21.566437244	113.968884955	149.328708258	 0.000000000	         0.000000049	         0.000000001	         0.000000050
 20683	     -318000	 0.071782063	21.755805647	122.015917729	149.329390813	 0.000000000	         0.000000049	         0.000000001	         0.000000050
 20684	     -317000	 0.071469228	21.951345971	130.242333881	149.329356378	 0.000000000	         0.000000049	         0.000000001	         0.000000050
 20685	     -316000	 0.071218657	22.152891551	138.541792199	149.328523052	 0.000000000	         0.000000049	         0.000000001	         0.000000050
 20686	     -315000	 0.071131593	22.358069468	146.863863896	149.326981411	 0.000000000	         0.000000049	         0.000000001	         0.000000050
 20687	     -314000	 0.071302845	22.566777481	155.194778428	149.324815932	 0.000000000	         0.000000049	         0.000000001	         0.000000050
 20688	     -313000	 0.071340423	22.778135986	163.633579606	149.321809049	 0.000000000	         0.000000049	         0.000000001	         0.000000049
 20689	     -312000	 0.071574712	22.989331129	171.928930362	149.318281500	 0.000000000	         0.000000049	         0.000000001	         0.000000049
 20690	     -311000	 0.072007583	23.200444603	-179.819118955	150.029132375	 0.000000000	         0.000000128	         0.000000050	         0.000000178
 20691	     -310000	 0.072435633	23.410285427	-171.337237843	151.127743761	 0.000000000	         0.000001331	         0.000000873	         0.000002204
 20692	     -309000	 0.072815138	23.616440169	-163.052700210	151.852031578	 0.000000000	         0.000004005	         0.000002641	         0.000006646
 20693	     -308000	 0.073357752	23.818722798	-154.748857363	152.478674487	 0.000000000	         0.000008142	         0.000004955	         0.000013097
 20694	     -307000	 0.074042058	24.015747619	-146.486384403	153.048910453	 0.000000000	         0.000013691	         0.000007872	         0.000021563
 20695	     -306000	 0.074696154	24.206766854	-138.105292044	153.581452199	 0.000000000	         0.000020340	         0.000011211	         0.000031552
 20696	     -305000	 0.075557625	24.391201100	-129.823929953	154.089578115	 0.000000000	         0.000027874	         0.000014870	         0.000042744
 20697	     -304000	 0.076377067	24.567896569	-121.626986070	154.568507024	 0.000000000	         0.000035801	         0.000018612	         0.000054413
 20698	     -303000	 0.077451680	24.737473639	-113.380141953	155.032876265	 0.000000000	         0.000044110	         0.000022471	         0.000066582
 20699	     -302000	 0.078480766	24.899335336	-105.303738132	155.473814614	 0.000000000	         0.000052599	         0.000026357	         0.000078956
 20700	     -301000	 0.079630201	25.052921120	-97.282718187	155.892218047	 0.000000000	         0.000061239	         0.000030290	         0.000091528
 20701	     -300000	 0.080903243	25.199214132	-89.348119639	156.286409757	 0.000000000	         0.000070124	         0.000034315	         0.000104439
 20702	     -299000	 0.081999178	25.337839010	-81.409543892	156.649640350	 0.000000000	         0.000079391	         0.000038516	         0.000117907
 20703	     -298000	 0.083175234	25.468650731	-73.690182950	156.983156401	 0.000000000	         0.000089408	         0.000043094	         0.000132502
 20704	     -297000	 0.084359125	25.592347749	-66.029577308	157.285994489	 0.000000000	         0.000100485	         0.000048219	         0.000148705
 20705	     -296000	 0.085667785	25.708550321	-58.264456530	157.555796397	 0.000000000	         0.000112777	         0.000053917	         0.000166694
 20706	     -295000	 0.086664229	25.817485501	-50.699569976	157.783169745	 0.000000000	         0.000126771	         0.000060447	         0.000187218
 20707	     -294000	 0.087846039	25.919110591	-43.181819527	157.978719573	 0.000000000	         0.000142750	         0.000067970	         0.000210720
 20708	     -293000	 0.089044832	26.013157496	-35.710862504	158.140415190	 0.000000000	         0.000161179	         0.000076726	         0.000237904
 20709	     -292000	 0.090119097	26.100038179	-28.243035392	158.265014606	 0.000000000	         0.000182363	         0.000086815	         0.000269178
 20710	     -291000	 0.091281225	26.179124500	-20.941232881	158.361010309	 0.000000000	         0.000206535	         0.000098418	         0.000304953
 20711	     -290000	 0.092364043	26.250520815	-13.661842040	158.423165281	 0.000000000	         0.000233768	         0.000111489	         0.000345258
 20712	     -289000	 0.093427792	26.314615124	-6.410964304	158.459326417	 0.000000000	         0.000264710	         0.000126449	         0.000391159
 20713	     -288000	 0.094440530	26.370908672	 0.704580500	158.474494967	 0.000000000	         0.000299311	         0.000143289	         0.000442600
 20714	     -287000	 0.095354683	26.419936858	 7.739381168	158.474404485	 0.000000000	         0.000338257	         0.000162304	         0.000500561
 20715	     -286000	 0.096341535	26.462101023	14.778502088	158.455442430	 0.000000000	         0.000381058	         0.000183122	         0.000564180
 20716	     -285000	 0.097090557	26.497298816	21.797651190	158.423194787	 0.000000000	         0.000427969	         0.000206060	         0.000634029
 20717	     -284000	 0.097818075	26.526481003	28.676732487	158.377829252	 0.000000000	         0.000477121	         0.000230153	         0.000707274
 20718	     -283000	 0.098556954	26.549898790	35.504944491	158.325328410	 0.000000000	         0.000529374	         0.000255974	         0.000785348
 20719	     -282000	 0.099219108	26.567924135	42.440036648	158.260985917	 0.000000000	         0.000583699	         0.000282789	         0.000866489
 20720	     -281000	 0.099755963	26.581636015	49.212976555	158.191973773	 0.000000000	         0.000637655	         0.000309481	         0.000947135
 20721	     -280000	 0.100294624	26.591081442	55.921878912	158.120517213	 0.000000000	         0.000691252	         0.000336160	         0.001027412
 20722	     -279000	 0.100914162	26.596933314	62.698414615	158.044404906	 0.000000000	         0.000744231	         0.000362531	         0.001106762
 20723	     -278000	 0.101266408	26.599884661	69.343949588	157.971130623	 0.000000000	         0.000793072	         0.000387001	         0.001180074
 20724	     -277000	 0.101672351	26.599985363	75.957946959	157.897231894	 0.000000000	         0.000837663	         0.000409303	         0.001246965
 20725	     -276000	 0.102092817	26.597920752	82.496887004	157.825580663	 0.000000000	         0.000876998	         0.000428908	         0.001305906
 20726	     -275000	 0.102279340	26.593967959	89.067544626	157.756807844	 0.000000000	         0.000908295	         0.000444490	         0.001352784
 20727	     -274000	 0.102499611	26.588266270	95.512695399	157.693504872	 0.000000000	         0.000932462	         0.000456551	         0.001389014
 20728	     -273000	 0.102528135	26.581350400	101.965558904	157.634987896	 0.000000000	         0.000947048	         0.000463721	         0.001410769
 20729	     -272000	 0.102638078	26.573195321	108.422531329	157.573287485	 0.000000000	         0.000950556	         0.000464915	         0.001415471
 20730	     -271000	 0.102473106	26.564087181	114.838346049	157.519737983	 0.000000000	         0.000940236	         0.000459220	         0.001399457
 20731	     -270000	 0.102354550	26.554255164	121.253168846	157.475140739	 0.000000000	         0.000921882	         0.000449861	         0.001371743
 20732	     -269000	 0.102296248	26.543607091	127.609299467	157.435985827	 0.000000000	         0.000895886	         0.000436518	         0.001332404
 20733	     -268000	 0.102037441	26.532518769	134.094495346	157.411231433	 0.000000000	         0.000865279	         0.000421476	         0.001286755
 20734	     -267000	 0.101773466	26.520840546	140.399582108	157.380767176	 0.000000000	         0.000825590	         0.000400829	         0.001226420
 20735	     -266000	 0.101483838	26.508664689	146.712390923	157.364913471	 0.000000000	         0.000785414	         0.000380625	         0.001166040
 20736	     -265000	 0.101260566	26.496190185	153.120811776	157.355579035	 0.000000000	         0.000742185	         0.000358762	         0.001100947
 20737	     -264000	 0.100774896	26.483131370	159.399299417	157.353903918	 0.000000000	         0.000695634	         0.000335335	         0.001030970
 20738	     -263000	 0.100357253	26.469649072	165.672694153	157.362430533	 0.000000000	         0.000648843	         0.000312020	         0.000960863
 20739	     -262000	 0.099913047	26.455669016	171.973360935	157.379530915	 0.000000000	         0.000601340	         0.000288403	         0.000889743
 20740	     -261000	 0.099306396	26.440969158	178.286988099	157.405122099	 0.000000000	         0.000553469	         0.000264578	         0.000818047
 20741	     -260000	 0.098684159	26.425632013	-175.482433393	157.444864071	 0.000000000	         0.000508529	         0.000242359	         0.000750888
 20742	     -259000	 0.098000006	26.409433762	-169.185655810	157.492943211	 0.000000000	         0.000464972	         0.000220877	         0.000685849
 20743	     -258000	 0.097239175	26.392335359	-162.822195829	157.549033251	 0.000000000	         0.000423742	         0.000200723	         0.000624466
 20744	     -257000	 0.096463176	26.374245346	-156.512997135	157.606458128	 0.000000000	         0.000385360	         0.000182018	         0.000567378
 20745	     -256000	 0.095611291	26.354847716	-150.189586488	157.668162174	 0.000000000	         0.000350179	         0.000165001	         0.000515180
 20746	     -255000	 0.094905072	26.334264963	-143.802229612	157.731865662	 0.000000000	         0.000318067	         0.000149536	         0.000467603
 20747	     -254000	 0.093973777	26.312121915	-137.376640101	157.796675346	 0.000000000	         0.000289087	         0.000135688	         0.000424775
 20748	     -253000	 0.093064129	26.288292216	-131.032088052	157.856318201	 0.000000000	         0.000263492	         0.000123506	         0.000386999
 20749	     -252000	 0.092270861	26.262756341	-124.693317508	157.912018298	 0.000000000	         0.000240912	         0.000112775	         0.000353686
 20750	     -251000	 0.091319608	26.234987488	-118.200660637	157.964461685	 0.000000000	         0.000220956	         0.000103396	         0.000324351
 20751	     -250000	 0.090287261	26.205101319	-111.797498010	158.003767601	 0.000000000	         0.000203738	         0.000095317	         0.000299055
 20752	     -249000	 0.089277888	26.172698150	-105.413547627	158.032320453	 0.000000000	         0.000188976	         0.000088428	         0.000277404
 20753	     -248000	 0.088256798	26.137283786	-98.874069580	158.050832047	 0.000000000	         0.000176208	         0.000082536	         0.000258744
 20754	     -247000	 0.087061563	26.099049544	-92.388261084	158.050061029	 0.000000000	         0.000165472	         0.000077613	         0.000243085
 20755	     -246000	 0.085937024	26.057439325	-85.807785548	158.032301498	 0.000000000	         0.000156166	         0.000073376	         0.000229542
 20756	     -245000	 0.084837261	26.012087405	-79.205416717	157.998637558	 0.000000000	         0.000148400	         0.000069915	         0.000218314
 20757	     -244000	 0.083570284	25.963060743	-72.432099440	157.939657989	 0.000000000	         0.000141647	         0.000066905	         0.000208552
 20758	     -243000	 0.082473098	25.909767900	-65.770256756	157.862747861	 0.000000000	         0.000135842	         0.000064390	         0.000200233
 20759	     -242000	 0.081257461	25.852258478	-59.000409889	157.762545039	 0.000000000	         0.000130758	         0.000062213	         0.000192972
 20760	     -241000	 0.080212915	25.790305687	-52.102418923	157.643713491	 0.000000000	         0.000126130	         0.000060273	         0.000186403
 20761	     -240000	 0.078985752	25.723396119	-45.225849260	157.501021523	 0.000000000	         0.000121848	         0.000058517	         0.000180365
 20762	     -239000	 0.077809760	25.652017403	-38.305855899	157.339232573	 0.000000000	         0.000117648	         0.000056791	         0.000174439
 20763	     -238000	 0.076746489	25.575793674	-31.354512297	157.160283168	 0.000000000	         0.000113356	         0.000055038	         0.000168393
 20764	     -237000	 0.075574847	25.494512236	-24.181605469	156.960062160	 0.000000000	         0.000108909	         0.000053202	         0.000162110
 20765	     -236000	 0.074357476	25.408542225	-17.128978698	156.744161232	 0.000000000	         0.000103999	         0.000051129	         0.000155128
 20766	     -235000	 0.073234805	25.317848233	-9.946566947	156.513029107	 0.000000000	         0.000098634	         0.000048823	         0.000147457
 20767	     -234000	 0.072168182	25.222592556	-2.545388764	156.271525088	 0.000000000	         0.000093059	         0.000046444	         0.000139503
 20768	     -233000	 0.070952499	25.122773472	 4.818408780	156.022881268	 0.000000000	         0.000087130	         0.000043865	         0.000130994
 20769	     -232000	 0.069936016	25.018740658	12.301997103	155.765624893	 0.000000000	         0.000080731	         0.000040985	         0.000121716
 20770	     -231000	 0.068973301	24.911019289	19.959323455	155.500013421	 0.000000000	         0.000073973	         0.000037872	         0.000111845
 20771	     -230000	 0.067997009	24.799561091	27.664641583	155.230063688	 0.000000000	         0.000066978	         0.000034641	         0.000101619
 20772	     -229000	 0.067151105	24.684901400	35.390531236	154.947976955	 0.000000000	         0.000059434	         0.000031051	         0.000090485
 20773	     -228000	 0.066404574	24.567622096	43.214197110	154.663874745	 0.000000000	         0.000051995	         0.000027515	         0.000079510
 20774	     -227000	 0.065653857	24.447706677	51.243808581	154.366856056	 0.000000000	         0.000044379	         0.000023802	         0.000068181
 20775	     -226000	 0.064951709	24.325966181	59.206724666	154.061631708	 0.000000000	         0.000036894	         0.000020092	         0.000056987
 20776	     -225000	 0.064316222	24.202554775	67.232864090	153.750338823	 0.000000000	         0.000029858	         0.000016557	         0.000046415
 20777	     -224000	 0.063895073	24.077650183	75.403386954	153.429054064	 0.000000000	         0.000023407	         0.000013267	         0.000036673
 20778	     -223000	 0.063424803	23.952189204	83.740377449	153.092169139	 0.000000000	         0.000017548	         0.000010192	         0.000027740
 20779	     -222000	 0.063026532	23.826103948	92.021320640	152.745212466	 0.000000000	         0.000012561	         0.000007522	         0.000020083
 20780	     -221000	 0.062815824	23.699807263	100.345313738	152.379412300	 0.000000000	         0.000008451	         0.000005250	         0.000013700
 20781	     -220000	 0.062794824	23.573951502	108.899672022	151.989232556	 0.000000000	         0.000005240	         0.000003405	         0.000008644
 20782	     -219000	 0.062824091	23.448913282	117.361595541	151.570935753	 0.000000000	         0.000002903	         0.000001981	         0.000004883
 20783	     -218000	 0.063038376	23.325311978	125.783973139	151.103830874	 0.000000000	         0.000001302	         0.000000853	         0.000002154
 20784	     -217000	 0.063548061	23.203501937	134.368671742	150.502569937	 0.000000000	         0.000000374	         0.000000213	         0.000000587
 20785	     -216000	 0.063922666	23.084272426	142.734028062	149.323531892	 0.000000000	         0.000000049	         0.000000001	         0.000000050
 20786	     -215000	 0.064617805	22.968865474	151.067261629	149.322251596	 0.000000000	         0.000000049	         0.000000001	         0.000000049
 20787	     -214000	 0.065394522	22.857430117	159.352650667	149.320297713	 0.000000000	         0.000000049	         0.000000001	         0.000000049
 20788	     -213000	 0.066235999	22.750743597	167.744935617	149.317631496	 0.000000000	         0.000000049	         0.000000001	         0.000000049
 20789	     -212000	 0.067152140	22.650412830	175.864595794	149.314446213	 0.000000000	         0.000000049	         0.000000001	         0.000000049
 20790	     -211000	 0.068139249	22.556723721	-175.963985569	149.310654545	 0.000000000	         0.000000049	         0.000000001	         0.000000049
 20791	     -210000	 0.069443814	22.470342526	-167.940219215	149.306479895	 0.000000000	         0.000000048	         0.000000001	         0.000000049
 20792	     -209000	 0.070617138	22.392214097	-159.815565426	149.301663321	 0.000000000	         0.000000048	         0.000000001	         0.000000049
 20793	     -208000	 0.071985370	22.322864136	-151.888184450	149.296533765	 0.000000000	         0.000000048	         0.000000001	         0.000000049
 20794	     -207000	 0.073458104	22.262747901	-144.068381244	149.291053760	 0.000000000	         0.000000048	         0.000000001	         0.000000049
 20795	     -206000	 0.075120855	22.212035729	-136.251320771	149.285189345	 0.000000000	         0.000000048	         0.000000001	         0.000000049
 20796	     -205000	 0.076737766	22.170958981	-128.643093562	149.279141887	 0.000000000	         0.000000048	         0.000000001	         0.000000049
 20797	     -204000	 0.078482218	22.139849133	-121.130412554	149.272894676	 0.000000000	         0.000000048	         0.000000001	         0.000000049
 20798	     -203000	 0.080369184	22.118414728	-113.637767311	149.266442670	 0.000000000	         0.000000048	         0.000000001	         0.000000049
 20799	     -202000	 0.082010663	22.106386947	-106.283407002	149.260057603	 0.000000000	         0.000000048	         0.000000001	         0.000000049
 20800	     -201000	 0.083790603	22.103921105	-99.101902423	149.253789454	 0.000000000	         0.000000048	         0.000000001	         0.000000049
 20801	     -200000	 0.085686492	22.110667977	-91.904583528	149.247579577	 0.000000000	         0.000000048	         0.000000001	         0.000000049
 20802	     -199000	 0.087488192	22.126492948	-84.673451494	149.241622407	 0.000000000	         0.000000048	         0.000000001	         0.000000048
 20803	     -198000	 0.089182195	22.151081704	-77.634370465	149.236222258	 0.000000000	         0.000000048	         0.000000001	         0.000000048
 20804	     -197000	 0.090949752	22.184204048	-70.570546328	149.231266147	 0.000000000	         0.000000048	         0.000000001	         0.000000048
 20805	     -196000	 0.092820032	22.225967428	-63.566359241	149.226900067	 0.000000000	         0.000000047	         0.000000001	         0.000000048
 20806	     -195000	 0.094580526	22.275899917	-56.587194676	149.223356403	 0.000000000	         0.000000047	         0.000000001	         0.000000048
 20807	     -194000	 0.096340585	22.333865163	-49.627717610	149.220684603	 0.000000000	         0.000000047	         0.000000001	         0.000000048
 20808	     -193000	 0.098168556	22.399929310	-42.788044175	149.218941896	 0.000000000	         0.000000047	         0.000000001	         0.000000048
 20809	     -192000	 0.099890725	22.473573327	-35.889283201	149.218322626	 0.000000000	         0.000000047	         0.000000001	         0.000000048
 20810	     -191000	 0.101491539	22.554538609	-29.109355819	149.218885886	 0.000000000	         0.000000047	         0.000000001	         0.000000048
 20811	     -190000	 0.103119931	22.642429967	-22.371864886	149.220559543	 0.000000000	         0.000000047	         0.000000001	         0.000000048
 20812	     -189000	 0.104762165	22.736553467	-15.542574495	149.223449556	 0.000000000	         0.000000047	         0.000000001	         0.000000048
 20813	     -188000	 0.106077970	22.836500981	-8.811766849	149.227642125	 0.000000000	         0.000000048	         0.000000001	         0.000000048
 20814	     -187000	 0.107434669	22.941096784	-2.088670295	150.226190032	 0.000000000	         0.000000148	         0.000000062	         0.000000211
 20815	     -186000	 0.108857953	23.049636574	 4.601140026	150.938262201	 0.000000000	         0.000000508	         0.000000300	         0.000000808
 20816	     -185000	 0.109993015	23.161433163	11.391258749	151.423947702	 0.000000000	         0.000001131	         0.000000726	         0.000001857
 20817	     -184000	 0.111154276	23.274779793	18.075142745	151.830546944	 0.000000000	         0.000002145	         0.000001435	         0.000003581
 20818	     -183000	 0.112174784	23.389163525	24.767088913	152.179545686	 0.000000000	         0.000003618	         0.000002340	         0.000005958
 20819	     -182000	 0.113292991	23.503736141	31.529888471	152.488958640	 0.000000000	         0.000005735	         0.000003580	         0.000009315
 20820	     -181000	 0.114098547	23.616823358	38.170783280	152.760381240	 0.000000000	         0.000008629	         0.000005234	         0.000013863
 20821	     -180000	 0.114960379	23.728200033	44.897340348	153.003225031	 0.000000000	         0.000012545	         0.000007433	         0.000019978
 20822	     -179000	 0.115733283	23.837101090	51.534811325	153.222348331	 0.000000000	         0.000017687	         0.000010279	         0.000027966
 20823	     -178000	 0.116291999	23.942451895	58.238455679	153.414614719	 0.000000000	         0.000024151	         0.000013818	         0.000037969
 20824	     -177000	 0.116752823	24.044306989	64.896406369	153.587084242	 0.000000000	         0.000032109	         0.000018113	         0.000050222
 20825	     -176000	 0.117113408	24.141974794	71.546340623	153.739238719	 0.000000000	         0.000041550	         0.000023149	         0.000064699
 20826	     -175000	 0.117516548	24.235187222	78.283318756	153.876097684	 0.000000000	         0.000052635	         0.000029029	         0.000081664
 20827	     -174000	 0.117497825	24.323989648	84.966749026	154.000395273	 0.000000000	         0.000065022	         0.000035546	         0.000100568
 20828	     -173000	 0.117583481	24.407713955	91.663245088	154.110583250	 0.000000000	         0.000078506	         0.000042570	         0.000121077
 20829	     -172000	 0.117702337	24.486545874	98.375414067	154.210797529	 0.000000000	         0.000092812	         0.000049938	         0.000142750
 20830	     -171000	 0.117448939	24.560379233	105.125170560	154.301314980	 0.000000000	         0.000107053	         0.000057199	         0.000164252
 20831	     -170000	 0.117294616	24.628515563	111.794927404	154.384684447	 0.000000000	         0.000120984	         0.000064272	         0.000185256
 20832	     -169000	 0.117051204	24.691056478	118.488750371	154.454717619	 0.000000000	         0.000133038	         0.000070170	         0.000203208
 20833	     -168000	 0.116694469	24.747679595	125.220845564	154.513338542	 0.000000000	         0.000142250	         0.000074624	         0.000216874
 20834	     -167000	 0.116144314	24.797742697	131.875763886	154.570424093	 0.000000000	         0.000148092	         0.000077329	         0.000225421
 20835	     -166000	 0.115557965	24.841092169	138.527230329	154.621905672	 0.000000000	         0.000151506	         0.000078834	         0.000230339
 20836	     -165000	 0.114953875	24.877326778	145.204853870	154.670172955	 0.000000000	         0.000152942	         0.000079344	         0.000232286
 20837	     -164000	 0.114064495	24.906202684	151.887366120	154.708741447	 0.000000000	         0.000151121	         0.000078108	         0.000229229
 20838	     -163000	 0.113160022	24.927437228	158.570460530	154.744952675	 0.000000000	         0.000147200	         0.000075860	         0.000223060
 20839	     -162000	 0.112205950	24.940877468	165.212851485	154.775702659	 0.000000000	         0.000140833	         0.000072375	         0.000213208
 20840	     -161000	 0.111128841	24.946788821	171.954724633	154.804084625	 0.000000000	         0.000132370	         0.000067847	         0.000200217
 20841	     -160000	 0.109982723	24.945086042	178.648317645	154.826714020	 0.000000000	         0.000122349	         0.000062508	         0.000184856
 20842	     -159000	 0.108782538	24.936099830	-174.666274991	154.853638156	 0.000000000	         0.000111923	         0.000057006	         0.000168929
 20843	     -158000	 0.107715009	24.920407394	-167.903733872	154.881051393	 0.000000000	         0.000101478	         0.000051618	         0.000153096
 20844	     -157000	 0.106270321	24.898263706	-161.189282645	154.899678873	 0.000000000	         0.000090708	         0.000046060	         0.000136769
 20845	     -156000	 0.104922200	24.870426901	-154.498520536	154.916309723	 0.000000000	         0.000080694	         0.000040963	         0.000121657
 20846	     -155000	 0.103729263	24.837516634	-147.811480016	154.924620057	 0.000000000	         0.000071301	         0.000036198	         0.000107498
 20847	     -154000	 0.102168826	24.799988809	-141.049107898	154.925545813	 0.000000000	         0.000062527	         0.000031744	         0.000094271
 20848	     -153000	 0.100670931	24.758772243	-134.374251356	154.921758468	 0.000000000	         0.000054914	         0.000027924	         0.000082838
 20849	     -152000	 0.099050831	24.714288333	-127.673192223	154.910053693	 0.000000000	         0.000048172	         0.000024543	         0.000072714
 20850	     -151000	 0.097504847	24.666984470	-120.928289197	154.892281534	 0.000000000	         0.000042347	         0.000021629	         0.000063976
 20851	     -150000	 0.095713095	24.617669046	-114.195970824	154.861657509	 0.000000000	         0.000037276	         0.000019095	         0.000056371
 20852	     -149000	 0.094027396	24.566731161	-107.364459453	154.826861842	 0.000000000	         0.000033017	         0.000016983	         0.000050001
 20853	     -148000	 0.092350801	24.514663224	-100.601377313	154.778232068	 0.000000000	         0.000029354	         0.000015161	         0.000044515
 20854	     -147000	 0.090555507	24.461999598	-93.694027070	154.721492429	 0.000000000	         0.000026271	         0.000013635	         0.000039906
 20855	     -146000	 0.088844758	24.409155167	-86.883208268	154.657166553	 0.000000000	         0.000023729	         0.000012397	         0.000036126
 20856	     -145000	 0.087160066	24.356869149	-80.031519317	154.578453840	 0.000000000	         0.000021510	         0.000011307	         0.000032817
 20857	     -144000	 0.085545294	24.305603580	-73.072406637	154.494798440	 0.000000000	         0.000019664	         0.000010406	         0.000030070
 20858	     -143000	 0.083716342	24.255741123	-66.165386214	154.400281162	 0.000000000	         0.000018116	         0.000009662	         0.000027779
 20859	     -142000	 0.082025317	24.208367750	-59.274259003	154.297529041	 0.000000000	         0.000016770	         0.000009010	         0.000025780
 20860	     -141000	 0.080457978	24.164038814	-52.329228644	154.193000034	 0.000000000	         0.000015654	         0.000008473	         0.000024127
 20861	     -140000	 0.078696245	24.123134581	-45.216632012	154.084264918	 0.000000000	         0.000014733	         0.000008037	         0.000022770
 20862	     -139000	 0.076969496	24.086768000	-38.227399418	153.978756174	 0.000000000	         0.000014007	         0.000007699	         0.000021706
 20863	     -138000	 0.075366589	24.055487843	-31.109108763	153.877632682	 0.000000000	         0.000013449	         0.000007447	         0.000020896
 20864	     -137000	 0.073717305	24.029761119	-23.857142940	153.784850885	 0.000000000	         0.000013091	         0.000007302	         0.000020392
 20865	     -136000	 0.072128219	24.010365752	-16.608955727	153.700045646	 0.000000000	         0.000012884	         0.000007228	         0.000020111
 20866	     -135000	 0.070672647	23.997586095	-9.235159750	153.626452740	 0.000000000	         0.000012850	         0.000007241	         0.000020091
 20867	     -134000	 0.069340845	23.991884948	-1.796399738	153.572186233	 0.000000000	         0.000013076	         0.000007401	         0.000020477
 20868	     -133000	 0.067942036	23.993669277	 5.696256998	153.540725647	 0.000000000	         0.000013622	         0.000007728	         0.000021350
 20869	     -132000	 0.066729839	24.002764835	13.248810693	153.527718313	 0.000000000	         0.000014461	         0.000008208	         0.000022669
 20870	     -131000	 0.065701973	24.019470099	20.755278576	153.533408141	 0.000000000	         0.000015622	         0.000008848	         0.000024470
 20871	     -130000	 0.064694497	24.043863929	28.501796313	153.560315361	 0.000000000	         0.000017269	         0.000009755	         0.000027024
 20872	     -129000	 0.063656618	24.075520037	36.212048969	153.601370560	 0.000000000	         0.000019331	         0.000010878	         0.000030209
 20873	     -128000	 0.062814077	24.114552563	43.884172650	153.655194519	 0.000000000	         0.000021870	         0.000012245	         0.000034115
 20874	     -127000	 0.062190036	24.160709998	51.712946281	153.726304498	 0.000000000	         0.000025128	         0.000013992	         0.000039121
 20875	     -126000	 0.061444730	24.213616146	59.658084167	153.806560904	 0.000000000	         0.000029032	         0.000016063	         0.000045095
 20876	     -125000	 0.060905279	24.273210693	67.612219870	153.896370877	 0.000000000	         0.000033709	         0.000018502	         0.000052211
 20877	     -124000	 0.060605483	24.338983445	75.549732808	154.001019919	 0.000000000	         0.000039469	         0.000021511	         0.000060980
 20878	     -123000	 0.060322707	24.410708946	83.744650553	154.113923066	 0.000000000	         0.000046290	         0.000025039	         0.000071329
 20879	     -122000	 0.060240268	24.488082597	91.730660396	154.235317332	 0.000000000	         0.000054195	         0.000029056	         0.000083251
 20880	     -121000	 0.060310521	24.570445804	99.843564380	154.365298376	 0.000000000	         0.000063418	         0.000033731	         0.000097149
 20881	     -120000	 0.060615009	24.657823538	107.946702881	154.506306472	 0.000000000	         0.000074137	         0.000039118	         0.000113255
 20882	     -119000	 0.060830186	24.749662816	115.985485139	154.648498848	 0.000000000	         0.000085570	         0.000044721	         0.000130291
 20883	     -118000	 0.061370590	24.845188461	123.980184656	154.790327703	 0.000000000	         0.000097511	         0.000050522	         0.000148033
 20884	     -117000	 0.061949112	24.944408877	131.926993379	154.945271689	 0.000000000	         0.000109879	         0.000056499	         0.000166378
 20885	     -116000	 0.062656318	25.046557463	139.966530563	155.111878871	 0.000000000	         0.000123673	         0.000063159	         0.000186832
 20886	     -115000	 0.063344079	25.150981367	147.884613261	155.286069970	 0.000000000	         0.000138477	         0.000070196	         0.000208673
 20887	     -114000	 0.064212536	25.257231565	155.720333812	155.466984529	 0.000000000	         0.000154037	         0.000077447	         0.000231484
 20888	     -113000	 0.065340905	25.364427051	163.588820020	155.659324620	 0.000000000	         0.000170139	         0.000084965	         0.000255104
 20889	     -112000	 0.066309641	25.472179031	171.506143729	155.862919275	 0.000000000	         0.000185353	         0.000091862	         0.000277214
 20890	     -111000	 0.067510544	25.579401868	179.246661016	156.076165921	 0.000000000	         0.000199887	         0.000098311	         0.000298197
 20891	     -110000	 0.068855438	25.685201799	-173.098507467	156.304518003	 0.000000000	         0.000213396	         0.000104130	         0.000317527
 20892	     -109000	 0.070223869	25.789257696	-165.346901108	156.543859288	 0.000000000	         0.000225025	         0.000109001	         0.000334026
 20893	     -108000	 0.071659924	25.890183728	-157.827053040	156.786921250	 0.000000000	         0.000234741	         0.000112966	         0.000347707
 20894	     -107000	 0.073248299	25.987304624	-150.343952519	157.031840906	 0.000000000	         0.000241834	         0.000115654	         0.000357488
 20895	     -106000	 0.074795665	26.080124831	-142.820398658	157.280155962	 0.000000000	         0.000246273	         0.000117088	         0.000363360
 20896	     -105000	 0.076303131	26.167376330	-135.424019480	157.526699243	 0.000000000	         0.000248522	         0.000117518	         0.000366040
 20897	     -104000	 0.077944678	26.249028824	-128.132242408	157.771620920	 0.000000000	         0.000249044	         0.000117176	         0.000366220
 20898	     -103000	 0.079653700	26.324399442	-120.835778795	158.009779952	 0.000000000	         0.000247623	         0.000115977	         0.000363600
 20899	     -102000	 0.081245405	26.392558106	-113.497879067	158.242568203	 0.000000000	         0.000245147	         0.000114380	         0.000359528
 20900	     -101000	 0.082905851	26.454010751	-106.255601474	158.464004846	 0.000000000	         0.000242226	         0.000112663	         0.000354889
 20901	     -100000	 0.084561943	26.508018289	-99.117519156	158.669707400	 0.000000000	         0.000239289	         0.000111014	         0.000350303
 20902	      -99000	 0.086389596	26.554242789	-91.905895043	158.860986279	 0.000000000	         0.000236380	         0.000109480	         0.000345860
 20903	      -98000	 0.088081511	26.593184343	-84.744085779	159.027304644	 0.000000000	         0.000234257	         0.000108341	         0.000342597
 20904	      -97000	 0.089787700	26.624056541	-77.666208382	159.170753772	 0.000000000	         0.000233356	         0.000107890	         0.000341246
 20905	      -96000	 0.091655547	26.647071155	-70.662619373	159.289195147	 0.000000000	         0.000233581	         0.000108024	         0.000341605
 20906	      -95000	 0.093266542	26.662376195	-63.605205688	159.372227040	 0.000000000	         0.000235395	         0.000108962	         0.000344357
 20907	      -94000	 0.094958482	26.669034293	-56.669115065	159.425436012	 0.000000000	         0.000238632	         0.000110626	         0.000349258
 20908	      -93000	 0.096624922	26.667533742	-49.773580760	159.446120788	 0.000000000	         0.000243455	         0.000113136	         0.000356591
 20909	      -92000	 0.098202523	26.657526368	-42.752537474	159.430078925	 0.000000000	         0.000249868	         0.000116416	         0.000366284
 20910	      -91000	 0.099606850	26.638211146	-35.896984838	159.379904140	 0.000000000	         0.000257597	         0.000120456	         0.000378054
 20911	      -90000	 0.101130171	26.610110151	-28.990237958	159.296038983	 0.000000000	         0.000266122	         0.000124864	         0.000390986
 20912	      -89000	 0.102664151	26.572540978	-22.129805873	159.183147209	 0.000000000	         0.000275490	         0.000129847	         0.000405337
 20913	      -88000	 0.103938334	26.525369198	-15.179889311	159.035373754	 0.000000000	         0.000285344	         0.000135076	         0.000420421
 20914	      -87000	 0.105376627	26.469033618	-8.342102924	158.861718570	 0.000000000	         0.000294417	         0.000139983	         0.000434401
 20915	      -86000	 0.106668109	26.402954897	-1.543456330	158.667014074	 0.000000000	         0.000303111	         0.000144884	         0.000447995
 20916	      -85000	 0.108043764	26.327790236	 5.312996708	158.457110782	 0.000000000	         0.000311675	         0.000149875	         0.000461551
 20917	      -84000	 0.109259935	26.244140463	12.093140301	158.226628784	 0.000000000	         0.000317819	         0.000153545	         0.000471364
 20918	      -83000	 0.110408185	26.151993854	18.843266466	157.982874892	 0.000000000	         0.000321781	         0.000156235	         0.000478016
 20919	      -82000	 0.111609594	26.052463392	25.574114090	157.728568326	 0.000000000	         0.000323192	         0.000157785	         0.000480977
 20920	      -81000	 0.112501109	25.946124628	32.336435922	157.462077576	 0.000000000	         0.000321104	         0.000157640	         0.000478743
 20921	      -80000	 0.113406621	25.833775016	38.994944817	157.187721552	 0.000000000	         0.000314887	         0.000155478	         0.000470365
 20922	      -79000	 0.114262012	25.716485790	45.670824323	156.907136893	 0.000000000	         0.000305032	         0.000151505	         0.000456538
 20923	      -78000	 0.114959478	25.594536256	52.460908210	156.619929953	 0.000000000	         0.000291564	         0.000145727	         0.000437291
 20924	      -77000	 0.115469999	25.469291967	59.116301864	156.328293732	 0.000000000	         0.000273463	         0.000137495	         0.000410958
 20925	      -76000	 0.116021941	25.341276495	65.800550868	156.037632253	 0.000000000	         0.000253106	         0.000128164	         0.000381270
 20926	      -75000	 0.116517503	25.210584791	72.546362805	155.742298278	 0.000000000	         0.000229994	         0.000117310	         0.000347304
 20927	      -74000	 0.116826335	25.078499544	79.258085071	155.447455216	 0.000000000	         0.000204969	         0.000105331	         0.000310300
 20928	      -73000	 0.117170715	24.945015705	85.940955413	155.151036152	 0.000000000	         0.000178984	         0.000092755	         0.000271738
 20929	      -72000	 0.117469291	24.810374084	92.589489467	154.856045758	 0.000000000	         0.000153130	         0.000080146	         0.000233276
 20930	      -71000	 0.117543929	24.675477741	99.298374357	154.558744116	 0.000000000	         0.000127786	         0.000067604	         0.000195390
 20931	      -70000	 0.117618325	24.539939096	105.940208940	154.256713138	 0.000000000	         0.000103642	         0.000055472	         0.000159114
 20932	      -69000	 0.117522174	24.404474741	112.524463742	153.954654301	 0.000000000	         0.000081810	         0.000044424	         0.000126234
 20933	      -68000	 0.117449283	24.269751992	119.183202480	153.647321636	 0.000000000	         0.000062578	         0.000034547	         0.000097125
 20934	      -67000	 0.117090878	24.135524532	125.821109120	153.321414155	 0.000000000	         0.000045536	         0.000025606	         0.000071141
 20935	      -66000	 0.116695719	24.003138132	132.442937564	152.995100004	 0.000000000	         0.000031844	         0.000018339	         0.000050183
 20936	      -65000	 0.116303997	23.872912780	139.025205085	152.662762892	 0.000000000	         0.000021170	         0.000012552	         0.000033722
 20937	      -64000	 0.115626432	23.745097477	145.748638834	152.317908672	 0.000000000	         0.000013295	         0.000008194	         0.000021490
 20938	      -63000	 0.114999642	23.621418574	152.379810965	151.958864191	 0.000000000	         0.000007864	         0.000005076	         0.000012941
 20939	      -62000	 0.114283649	23.501979354	159.003532598	151.581139037	 0.000000000	         0.000004300	         0.000002938	         0.000007238
 20940	      -61000	 0.113531030	23.387438017	165.788285431	151.180247516	 0.000000000	         0.000002041	         0.000001378	         0.000003419
 20941	      -60000	 0.112551005	23.279325931	172.409679135	150.737529078	 0.000000000	         0.000000789	         0.000000498	         0.000001286
 20942	      -59000	 0.111658036	23.177564718	179.133667452	150.180053363	 0.000000000	         0.000000199	         0.000000096	         0.000000295
 20943	      -58000	 0.110711029	23.082932068	-174.188779185	149.324530401	 0.000000000	         0.000000049	         0.000000001	         0.000000049
 20944	      -57000	 0.109515538	22.996088468	-167.406446767	149.318116489	 0.000000000	         0.000000049	         0.000000001	         0.000000049
 20945	      -56000	 0.108363066	22.916897378	-160.680149192	149.311490755	 0.000000000	         0.000000049	         0.000000001	         0.000000049
 20946	      -55000	 0.107077802	22.845945713	-153.941067852	149.304606592	 0.000000000	         0.000000048	         0.000000001	         0.000000049
 20947	      -54000	 0.105870971	22.782890099	-147.097706932	149.297476105	 0.000000000	         0.000000048	         0.000000001	         0.000000049
 20948	      -53000	 0.104417335	22.727644816	-140.251906593	149.290223897	 0.000000000	         0.000000048	         0.000000001	         0.000000049
 20949	      -52000	 0.102994626	22.680345848	-133.366406660	149.282930479	 0.000000000	         0.000000048	         0.000000001	         0.000000049
 20950	      -51000	 0.101645415	22.640205081	-126.436007151	149.275661810	 0.000000000	         0.000000048	         0.000000001	         0.000000049
 20951	      -50000	 0.100119271	22.607092644	-119.417466034	149.268481277	 0.000000000	         0.000000048	         0.000000001	         0.000000049
 20952	      -49000	 0.098719944	22.580843085	-112.431172354	149.261591362	 0.000000000	         0.000000048	         0.000000001	         0.000000049
 20953	      -48000	 0.097327639	22.560765671	-105.413531728	149.255038745	 0.000000000	         0.000000048	         0.000000001	         0.000000049
 20954	      -47000	 0.095885444	22.546799816	-98.199139184	149.248806693	 0.000000000	         0.000000048	         0.000000001	         0.000000049
 20955	      -46000	 0.094317785	22.538581050	-91.111280432	149.243354089	 0.000000000	         0.000000048	         0.000000001	         0.000000048
 20956	      -45000	 0.092896913	22.535811908	-83.975039159	149.238520945	 0.000000000	         0.000000048	         0.000000001	         0.000000048
 20957	      -44000	 0.091485680	22.538513383	-76.684787866	149.234397080	 0.000000000	         0.000000048	         0.000000001	         0.000000048
 20958	      -43000	 0.089945496	22.546225509	-69.303197442	149.231229982	 0.000000000	         0.000000048	         0.000000001	         0.000000048
 20959	      -42000	 0.088494078	22.558982839	-61.940482079	149.229037540	 0.000000000	         0.000000048	         0.000000001	         0.000000048
 20960	      -41000	 0.087043053	22.576574128	-54.500406596	149.227882822	 0.000000000	         0.000000048	         0.000000001	         0.000000048
 20961	      -40000	 0.085663300	22.598675755	-46.906747096	149.227762748	 0.000000000	         0.000000048	         0.000000001	         0.000000048
 20962	      -39000	 0.084406687	22.625248227	-39.268699058	149.228690461	 0.000000000	         0.000000048	         0.000000001	         0.000000048
 20963	      -38000	 0.083106709	22.655842399	-31.584854197	149.230768535	 0.000000000	         0.000000048	         0.000000001	         0.000000048
 20964	      -37000	 0.082107173	22.690279986	-23.777141751	149.233757721	 0.000000000	         0.000000048	         0.000000001	         0.000000048
 20965	      -36000	 0.080938392	22.728272811	-15.967998783	149.237879693	 0.000000000	         0.000000048	         0.000000001	         0.000000048
 20966	      -35000	 0.079978433	22.769121224	-8.166579713	149.242782169	 0.000000000	         0.000000048	         0.000000001	         0.000000049
 20967	      -34000	 0.079200362	22.812710091	-0.359243973	149.248387888	 0.000000000	         0.000000048	         0.000000001	         0.000000049
 20968	      -33000	 0.078368383	22.858599208	 7.685635996	149.254868192	 0.000000000	         0.000000048	         0.000000001	         0.000000049
 20969	      -32000	 0.077598151	22.906127907	15.553126894	149.261695308	 0.000000000	         0.000000048	         0.000000001	         0.000000049
 20970	      -31000	 0.076900570	22.955183869	23.468249189	149.268876179	 0.000000000	         0.000000048	         0.000000001	         0.000000049
 20971	      -30000	 0.076487262	23.005260569	31.480229612	149.990966050	 0.000000000	         0.000000104	         0.000000035	         0.000000139
 20972	      -29000	 0.075902330	23.056244648	39.540608954	150.368228456	 0.000000000	         0.000000219	         0.000000109	         0.000000328
 20973	      -28000	 0.075595269	23.107801237	47.564478212	150.640777372	 0.000000000	         0.000000390	         0.000000222	         0.000000611
 20974	      -27000	 0.075350067	23.159537581	55.577029363	150.864698454	 0.000000000	         0.000000627	         0.000000383	         0.000001009
 20975	      -26000	 0.075234139	23.211862617	63.692760471	151.054717391	 0.000000000	         0.000000939	         0.000000598	         0.000001537
 20976	      -25000	 0.075264147	23.264376467	71.597343917	151.218844215	 0.000000000	         0.000001328	         0.000000869	         0.000002198
 20977	      -24000	 0.075386364	23.316994403	79.578954515	151.370397658	 0.000000000	         0.000001827	         0.000001220	         0.000003048
 20978	      -23000	 0.075664484	23.370248521	87.487799704	151.511996790	 0.000000000	         0.000002447	         0.000001660	         0.000004107
 20979	      -22000	 0.075904585	23.423836015	95.314103165	151.639930815	 0.000000000	         0.000003167	         0.000002150	         0.000005318
 20980	      -21000	 0.076213925	23.477962509	103.033806906	151.764643543	 0.000000000	         0.000004011	         0.000002682	         0.000006694
 20981	      -20000	 0.076713896	23.533051402	110.676182490	151.885854087	 0.000000000	         0.000005001	         0.000003289	         0.000008290
 20982	      -19000	 0.077230707	23.588964380	118.452530545	152.004193808	 0.000000000	         0.000006137	         0.000003970	         0.000010108
 20983	      -18000	 0.077641295	23.646252412	125.960268988	152.118958263	 0.000000000	         0.000007384	         0.000004695	         0.000012080
 20984	      -17000	 0.078233217	23.705011777	133.450221427	152.221078753	 0.000000000	         0.000008660	         0.000005420	         0.000014080
 20985	      -16000	 0.079013665	23.765397277	140.960763547	152.340655298	 0.000000000	         0.000010048	         0.000006199	         0.000016247
 20986	      -15000	 0.079622813	23.828158458	148.371787505	152.467140765	 0.000000000	         0.000011674	         0.000007114	         0.000018787
 20987	      -14000	 0.080432836	23.893156113	155.665201935	152.601866201	 0.000000000	         0.000013669	         0.000008205	         0.000021874
 20988	      -13000	 0.081318133	23.960901417	162.914934246	152.748950043	 0.000000000	         0.000016014	         0.000009463	         0.000025476
 20989	      -12000	 0.082179039	24.031878352	170.097559659	152.913578876	 0.000000000	         0.000018726	         0.000010879	         0.000029604
 20990	      -11000	 0.083078657	24.105961246	177.133908653	153.090492212	 0.000000000	         0.000021715	         0.000012394	         0.000034109
 20991	      -10000	 0.084058613	24.183811399	-175.917851386	153.290170586	 0.000000000	         0.000025141	         0.000014089	         0.000039229
 20992	       -9000	 0.085022293	24.265555248	-168.930289777	153.509794923	 0.000000000	         0.000028969	         0.000015963	         0.000044932
 20993	       -8000	 0.085893190	24.351202710	-162.124041770	153.743254109	 0.000000000	         0.000033093	         0.000017930	         0.000051023
 20994	       -7000	 0.086789046	24.441161342	-155.329110324	153.994993327	 0.000000000	         0.000037573	         0.000020053	         0.000057626
 20995	       -6000	 0.087816822	24.535253348	-148.611102880	154.257474548	 0.000000000	         0.000042192	         0.000022171	         0.000064363
 20996	       -5000	 0.088700617	24.633724519	-141.855828162	154.537419154	 0.000000000	         0.000047024	         0.000024357	         0.000071381
 20997	       -4000	 0.089582487	24.736458153	-135.201045521	154.833973428	 0.000000000	         0.000052172	         0.000026686	         0.000078858
 20998	       -3000	 0.090497330	24.843270758	-128.653555394	155.138780157	 0.000000000	         0.000057401	         0.000028965	         0.000086366
 20999	       -2000	 0.091571466	24.954662590	-121.964549131	155.464544807	 0.000000000	         0.000063004	         0.000031441	         0.000094445
 21000	       -1000	 0.092413567	25.070009643	-115.454439254	155.794201640	 0.000000000	         0.000068832	         0.000033968	         0.000102800
 21001	           0	 0.093315101	25.189417000	-108.955069177	156.136340830	 0.000000000	         0.000075210	         0.000036755	         0.000111965
