LaskarTimestep	time_years	ecc	obl	Lsp	Tsurf	SF12	ForcedConv	FreeConv	TotalSubl
 20501	     -500000	 0.053483653	32.703763755	-67.814367410	173.645417072	 0.000000000	         0.031975478	         0.022869485	         0.054844963
 20502	     -499000	 0.053288153	32.488620538	-59.367825181	173.364596178	 0.000000000	         0.030866444	         0.022075917	         0.052942361
 20503	     -498000	 0.053377802	32.256228450	-50.865905620	173.039707622	 0.000000000	         0.029843094	         0.021353367	         0.051196461
 20504	     -497000	 0.053647700	32.006039467	-42.223229794	172.663907404	 0.000000000	         0.028897960	         0.020695579	         0.049593539
 20505	     -496000	 0.054047376	31.738155109	-33.689989970	172.244119341	 0.000000000	         0.027990807	         0.020070464	         0.048061271
 20506	     -495000	 0.054631131	31.454701396	-25.262552658	171.778959037	 0.000000000	         0.027061575	         0.019429629	         0.046491204
 20507	     -494000	 0.055503104	31.154095440	-16.914646569	171.276376494	 0.000000000	         0.026088631	         0.018757189	         0.044845821
 20508	     -493000	 0.056285559	30.837897089	-8.625617696	170.730535301	 0.000000000	         0.025071472	         0.018051916	         0.043123388
 20509	     -492000	 0.057273798	30.508467070	-0.601773950	170.167212589	 0.000000000	         0.023983584	         0.017292727	         0.041276311
 20510	     -491000	 0.058303969	30.164542217	 7.329286080	169.572997355	 0.000000000	         0.022790467	         0.016451418	         0.039241885
 20511	     -490000	 0.059484652	29.808813997	15.267923373	168.949241140	 0.000000000	         0.021503972	         0.015536841	         0.037040813
 20512	     -489000	 0.060538153	29.442650094	23.011034297	168.309630943	 0.000000000	         0.020107641	         0.014537915	         0.034645556
 20513	     -488000	 0.061639490	29.066784175	30.704745155	167.646442619	 0.000000000	         0.018594865	         0.013449392	         0.032044257
 20514	     -487000	 0.062886122	28.683922654	38.224408913	166.981315113	 0.000000000	         0.017034396	         0.012326146	         0.029360542
 20515	     -486000	 0.064104852	28.293832465	45.936134667	166.287148486	 0.000000000	         0.015398789	         0.011145484	         0.026544272
 20516	     -485000	 0.065275801	27.899601971	53.414207966	165.590913722	 0.000000000	         0.013716464	         0.009930417	         0.023646881
 20517	     -484000	 0.066523121	27.502929228	60.816856720	164.886050772	 0.000000000	         0.012032727	         0.008715076	         0.020747803
 20518	     -483000	 0.067980414	27.102757701	68.326978207	164.165996118	 0.000000000	         0.010386404	         0.007528596	         0.017915000
 20519	     -482000	 0.069279862	26.702831910	75.589135537	163.448446811	 0.000000000	         0.008791473	         0.006380471	         0.015171944
 20520	     -481000	 0.070766927	26.303573924	82.822812481	162.713966068	 0.000000000	         0.007280899	         0.005293959	         0.012574858
 20521	     -480000	 0.072297673	25.904594183	90.011690551	161.985363912	 0.000000000	         0.005914706	         0.004313696	         0.010228402
 20522	     -479000	 0.073750478	25.509120825	97.135510913	161.243825825	 0.000000000	         0.004671668	         0.003420617	         0.008092286
 20523	     -478000	 0.075291017	25.116205047	104.020098171	160.482304761	 0.000000000	         0.003581648	         0.002636002	         0.006217650
 20524	     -477000	 0.076898065	24.726864180	110.918557181	159.598388847	 0.000000000	         0.002513394	         0.001857642	         0.004371036
 20525	     -476000	 0.078610144	24.343391493	117.769152026	158.811512153	 0.000000000	         0.001770809	         0.001318652	         0.003089461
 20526	     -475000	 0.080147059	23.964548390	124.453057477	158.002764271	 0.000000000	         0.001180265	         0.000886046	         0.002066311
 20527	     -474000	 0.081736300	23.592875073	131.020021714	157.183935930	 0.000000000	         0.000742317	         0.000561313	         0.001303630
 20528	     -473000	 0.083438263	23.229283684	137.468539094	156.293785718	 0.000000000	         0.000416520	         0.000314425	         0.000730945
 20529	     -472000	 0.085024744	22.873732872	143.925470048	155.360202498	 0.000000000	         0.000207252	         0.000155281	         0.000362533
 20530	     -471000	 0.086547933	22.529770671	150.195334867	154.353365566	 0.000000000	         0.000086717	         0.000064252	         0.000150969
 20531	     -470000	 0.088039061	22.197244271	156.361051185	153.154166756	 0.000000000	         0.000025119	         0.000018238	         0.000043356
 20532	     -469000	 0.089502226	21.877494687	162.561079922	151.369036110	 0.000000000	         0.000002072	         0.000001393	         0.000003465
 20533	     -468000	 0.090729618	21.573982193	168.627502878	149.328751849	 0.000000000	         0.000000049	         0.000000001	         0.000000050
 20534	     -467000	 0.091988770	21.286308398	174.612217699	149.325741123	 0.000000000	         0.000000049	         0.000000001	         0.000000050
 20535	     -466000	 0.093237521	21.016546235	-179.294602679	149.322198882	 0.000000000	         0.000000049	         0.000000001	         0.000000049
 20536	     -465000	 0.094204887	20.766837482	-173.280920725	149.318177726	 0.000000000	         0.000000049	         0.000000001	         0.000000049
 20537	     -464000	 0.095244397	20.537205881	-167.314968424	149.313830611	 0.000000000	         0.000000049	         0.000000001	         0.000000049
 20538	     -463000	 0.096312874	20.329546983	-161.363161225	149.309139337	 0.000000000	         0.000000048	         0.000000001	         0.000000049
 20539	     -462000	 0.097278858	20.143863604	-155.323193101	149.304005772	 0.000000000	         0.000000048	         0.000000001	         0.000000049
 20540	     -461000	 0.098254956	19.980760304	-149.424423734	149.298693600	 0.000000000	         0.000000048	         0.000000001	         0.000000049
 20541	     -460000	 0.099104240	19.841112321	-143.506292126	149.293072752	 0.000000000	         0.000000048	         0.000000001	         0.000000049
 20542	     -459000	 0.100206210	19.723633083	-137.617000694	149.287257376	 0.000000000	         0.000000048	         0.000000001	         0.000000049
 20543	     -458000	 0.101029490	19.628903216	-131.780502330	149.281272010	 0.000000000	         0.000000048	         0.000000001	         0.000000049
 20544	     -457000	 0.101843791	19.556180600	-125.984251201	149.275173829	 0.000000000	         0.000000048	         0.000000001	         0.000000049
 20545	     -456000	 0.102644204	19.504268931	-120.267447087	149.269052088	 0.000000000	         0.000000048	         0.000000001	         0.000000049
 20546	     -455000	 0.103279566	19.473503825	-114.469057938	149.262815731	 0.000000000	         0.000000048	         0.000000001	         0.000000049
 20547	     -454000	 0.103740329	19.461807786	-108.793202614	149.256766618	 0.000000000	         0.000000048	         0.000000001	         0.000000049
 20548	     -453000	 0.104099069	19.468549107	-103.074824993	149.250800193	 0.000000000	         0.000000048	         0.000000001	         0.000000049
 20549	     -452000	 0.104512313	19.493756510	-97.261009048	149.244896924	 0.000000000	         0.000000048	         0.000000001	         0.000000048
 20550	     -451000	 0.104488019	19.535143430	-91.476132378	149.239448277	 0.000000000	         0.000000048	         0.000000001	         0.000000048
 20551	     -450000	 0.104580432	19.592772102	-85.643813392	149.234273458	 0.000000000	         0.000000048	         0.000000001	         0.000000048
 20552	     -449000	 0.104597861	19.666035783	-79.761277806	149.229534962	 0.000000000	         0.000000048	         0.000000001	         0.000000048
 20553	     -448000	 0.104415746	19.753339038	-73.738059487	149.225341413	 0.000000000	         0.000000047	         0.000000001	         0.000000048
 20554	     -447000	 0.104213875	19.855322745	-67.798218820	149.221849554	 0.000000000	         0.000000047	         0.000000001	         0.000000048
 20555	     -446000	 0.103913767	19.970649858	-61.716485987	149.219050420	 0.000000000	         0.000000047	         0.000000001	         0.000000048
 20556	     -445000	 0.103632189	20.098451812	-55.561593016	149.217004760	 0.000000000	         0.000000047	         0.000000001	         0.000000048
 20557	     -444000	 0.103142396	20.239479855	-49.397543857	149.215954415	 0.000000000	         0.000000047	         0.000000001	         0.000000048
 20558	     -443000	 0.102594499	20.392340109	-43.180589867	149.215838501	 0.000000000	         0.000000047	         0.000000001	         0.000000048
 20559	     -442000	 0.102094276	20.556316961	-36.906770136	149.216620932	 0.000000000	         0.000000047	         0.000000001	         0.000000048
 20560	     -441000	 0.101418020	20.731396369	-30.501263454	149.218501705	 0.000000000	         0.000000047	         0.000000001	         0.000000048
 20561	     -440000	 0.100612810	20.916451762	-24.131887082	149.221401757	 0.000000000	         0.000000047	         0.000000001	         0.000000048
 20562	     -439000	 0.099801682	21.110735354	-17.707785438	149.225222180	 0.000000000	         0.000000047	         0.000000001	         0.000000048
 20563	     -438000	 0.098991063	21.313165946	-11.120461420	149.875391725	 0.000000000	         0.000000080	         0.000000020	         0.000000099
 20564	     -437000	 0.097988888	21.522641323	-4.589955745	152.682318986	 0.000000000	         0.000003777	         0.000002579	         0.000006356
 20565	     -436000	 0.097012296	21.738411815	 1.999400543	153.753208857	 0.000000000	         0.000012009	         0.000008514	         0.000020523
 20566	     -435000	 0.096112405	21.959199964	 8.708213249	154.557320629	 0.000000000	         0.000026969	         0.000019489	         0.000046458
 20567	     -434000	 0.094871947	22.183936174	15.425421999	155.218798598	 0.000000000	         0.000051425	         0.000037629	         0.000089053
 20568	     -433000	 0.093717211	22.411455413	22.149081502	155.803327662	 0.000000000	         0.000089890	         0.000066392	         0.000156282
 20569	     -432000	 0.092570945	22.641216795	28.915953590	156.323093431	 0.000000000	         0.000147078	         0.000109428	         0.000256505
 20570	     -431000	 0.091280719	22.872575902	35.851098345	156.792581797	 0.000000000	         0.000229253	         0.000171583	         0.000400836
 20571	     -430000	 0.089880819	23.104270285	42.752121722	157.235640063	 0.000000000	         0.000345031	         0.000259523	         0.000604554
 20572	     -429000	 0.088407314	23.336253064	49.761852521	157.640059722	 0.000000000	         0.000499724	         0.000377438	         0.000877161
 20573	     -428000	 0.087055942	23.568404303	56.828114803	158.024120356	 0.000000000	         0.000700625	         0.000528485	         0.001229110
 20574	     -427000	 0.085523656	23.800273683	64.050375750	158.392510264	 0.000000000	         0.000954070	         0.000717486	         0.001671557
 20575	     -426000	 0.084054184	24.031816180	71.371111583	158.743341140	 0.000000000	         0.001263711	         0.000946748	         0.002210459
 20576	     -425000	 0.082640209	24.262875673	78.704281287	159.088066580	 0.000000000	         0.001634497	         0.001219455	         0.002853952
 20577	     -424000	 0.081254428	24.494013611	86.283114421	159.544489451	 0.000000000	         0.002179856	         0.001622280	         0.003802136
 20578	     -423000	 0.079854296	24.725194202	93.752355689	159.884132011	 0.000000000	         0.002691281	         0.001994811	         0.004686092
 20579	     -422000	 0.078553475	24.955606627	101.346534410	160.208624514	 0.000000000	         0.003240229	         0.002391864	         0.005632093
 20580	     -421000	 0.077463566	25.186350218	109.066419876	160.423308648	 0.000000000	         0.003668742	         0.002691609	         0.006360351
 20581	     -420000	 0.076046534	25.417401988	116.810454550	160.890560852	 0.000000000	         0.004434604	         0.003247865	         0.007682469
 20582	     -419000	 0.074886169	25.647626042	124.541382536	161.249627627	 0.000000000	         0.005046296	         0.003683157	         0.008729453
 20583	     -418000	 0.073764864	25.877504820	132.342403219	161.612100972	 0.000000000	         0.005641849	         0.004104045	         0.009745894
 20584	     -417000	 0.072698089	26.106626624	140.330293506	161.989368517	 0.000000000	         0.006220937	         0.004509888	         0.010730826
 20585	     -416000	 0.071481174	26.334548067	148.230073918	162.392403618	 0.000000000	         0.006775417	         0.004895218	         0.011670635
 20586	     -415000	 0.070438602	26.560782398	156.299431877	162.811635215	 0.000000000	         0.007285914	         0.005245522	         0.012531437
 20587	     -414000	 0.069487040	26.784373933	164.407454804	163.248324903	 0.000000000	         0.007736480	         0.005549714	         0.013286194
 20588	     -413000	 0.068557237	27.005600883	172.584617908	163.695040791	 0.000000000	         0.008102094	         0.005789258	         0.013891352
 20589	     -412000	 0.067751789	27.223425841	-179.159080626	164.165406518	 0.000000000	         0.008415671	         0.005990010	         0.014405681
 20590	     -411000	 0.067111113	27.436839030	-170.906675002	164.620105927	 0.000000000	         0.008612615	         0.006102280	         0.014714895
 20591	     -410000	 0.066482115	27.646315655	-162.509726288	165.048570538	 0.000000000	         0.008663833	         0.006105459	         0.014769292
 20592	     -409000	 0.065904691	27.850601462	-154.211828413	165.560033466	 0.000000000	         0.008820032	         0.006192806	         0.015012837
 20593	     -408000	 0.065517944	28.049456228	-145.949687243	166.069657254	 0.000000000	         0.008947369	         0.006260756	         0.015208126
 20594	     -407000	 0.065332851	28.243228828	-137.516629651	166.584022252	 0.000000000	         0.009050440	         0.006313027	         0.015363466
 20595	     -406000	 0.064967014	28.430711575	-129.093539419	167.082101767	 0.000000000	         0.009152211	         0.006366430	         0.015518641
 20596	     -405000	 0.064812231	28.612340545	-120.827735272	167.558969297	 0.000000000	         0.009278954	         0.006439739	         0.015718692
 20597	     -404000	 0.064847606	28.788137444	-112.516470610	168.020233143	 0.000000000	         0.009437385	         0.006537938	         0.015975323
 20598	     -403000	 0.064893803	28.957411961	-104.127488074	168.453462662	 0.000000000	         0.009644498	         0.006673307	         0.016317805
 20599	     -402000	 0.065050817	29.120604728	-95.852665171	168.850440641	 0.000000000	         0.009921214	         0.006860397	         0.016781611
 20600	     -401000	 0.065326528	29.277183504	-87.650634931	169.208775360	 0.000000000	         0.010278450	         0.007107050	         0.017385500
 20601	     -400000	 0.065761510	29.427107531	-79.415707434	169.531655373	 0.000000000	         0.010732727	         0.007425910	         0.018158637
 20602	     -399000	 0.066134286	29.570418567	-71.395309280	169.802712814	 0.000000000	         0.011306493	         0.007832782	         0.019139275
 20603	     -398000	 0.066677957	29.705890532	-63.372382483	170.031449021	 0.000000000	         0.011999105	         0.008328390	         0.020327495
 20604	     -397000	 0.067321109	29.833968797	-55.517321169	170.280148313	 0.000000000	         0.012959029	         0.009027402	         0.021986431
 20605	     -396000	 0.067841888	29.954156486	-47.623770726	170.415941630	 0.000000000	         0.013973046	         0.009765616	         0.023738662
 20606	     -395000	 0.068446604	30.064871194	-39.894880808	170.498794731	 0.000000000	         0.015123305	         0.010608861	         0.025732166
 20607	     -394000	 0.069056594	30.166494758	-32.261133437	170.540068243	 0.000000000	         0.016441087	         0.011582948	         0.028024035
 20608	     -393000	 0.069830315	30.258005064	-24.580012009	170.538298489	 0.000000000	         0.017933949	         0.012696518	         0.030630467
 20609	     -392000	 0.070364828	30.338292323	-16.949489692	170.488200122	 0.000000000	         0.019599910	         0.013951191	         0.033551101
 20610	     -391000	 0.071069537	30.407452813	-9.422837673	170.413611208	 0.000000000	         0.021431536	         0.015345768	         0.036777304
 20611	     -390000	 0.071974637	30.464168161	-1.989558957	170.308577141	 0.000000000	         0.023397367	         0.016859409	         0.040256776
 20612	     -389000	 0.072694139	30.508252531	 5.597531740	170.174582198	 0.000000000	         0.025570247	         0.018552654	         0.044122902
 20613	     -388000	 0.073599872	30.539450689	12.910982524	170.021456845	 0.000000000	         0.027787125	         0.020300643	         0.048087768
 20614	     -387000	 0.074543853	30.556607757	20.224631820	169.841921453	 0.000000000	         0.030056207	         0.022112933	         0.052169140
 20615	     -386000	 0.075566540	30.560587332	27.486301600	169.648389257	 0.000000000	         0.032369893	         0.023985877	         0.056355770
 20616	     -385000	 0.076485975	30.550826221	34.596577097	169.437056737	 0.000000000	         0.034564776	         0.025787255	         0.060352032
 20617	     -384000	 0.077541059	30.526875215	41.661964832	169.211133814	 0.000000000	         0.036657802	         0.027529076	         0.064186878
 20618	     -383000	 0.078573765	30.489771046	48.661430888	168.977949491	 0.000000000	         0.038565002	         0.029138391	         0.067703393
 20619	     -382000	 0.079500041	30.438760556	55.635630547	168.736548725	 0.000000000	         0.040191032	         0.030531012	         0.070722044
 20620	     -381000	 0.080402545	30.374413693	62.482195433	168.491514246	 0.000000000	         0.041452201	         0.031629729	         0.073081930
 20621	     -380000	 0.081375338	30.297212191	69.296712439	168.240348711	 0.000000000	         0.042348116	         0.032428877	         0.074776993
 20622	     -379000	 0.082284373	30.206346938	76.185991488	167.983874703	 0.000000000	         0.042797986	         0.032854514	         0.075652500
 20623	     -378000	 0.083049984	30.103098249	82.990154027	167.724532686	 0.000000000	         0.042720491	         0.032832497	         0.075552988
 20624	     -377000	 0.083857725	29.987064110	89.737708666	167.456490992	 0.000000000	         0.042073344	         0.032328660	         0.074402004
 20625	     -376000	 0.084810534	29.857578588	96.491010331	167.132755857	 0.000000000	         0.040503441	         0.031041935	         0.071545376
 20626	     -375000	 0.085547898	29.716190947	103.293678277	166.875648090	 0.000000000	         0.038928455	         0.029751232	         0.068679687
 20627	     -374000	 0.086310245	29.561732534	109.980901135	166.693495462	 0.000000000	         0.037457121	         0.028549238	         0.066006359
 20628	     -373000	 0.087220885	29.394130740	116.615450043	166.433336514	 0.000000000	         0.035087674	         0.026607865	         0.061695539
 20629	     -372000	 0.087896304	29.214470266	123.340123235	166.176434498	 0.000000000	         0.032357913	         0.024387504	         0.056745417
 20630	     -371000	 0.088614506	29.021319542	129.933008314	165.920371191	 0.000000000	         0.029477515	         0.022070910	         0.051548425
 20631	     -370000	 0.089361930	28.815628023	136.537886158	165.659383352	 0.000000000	         0.026493595	         0.019697910	         0.046191505
 20632	     -369000	 0.090081311	28.597684364	143.171191562	165.399869385	 0.000000000	         0.023506824	         0.017351472	         0.040858296
 20633	     -368000	 0.090634649	28.366654751	149.716933363	165.127184872	 0.000000000	         0.020510053	         0.015026703	         0.035536756
 20634	     -367000	 0.091311248	28.124317198	156.301421281	164.853293867	 0.000000000	         0.017679978	         0.012862194	         0.030542173
 20635	     -366000	 0.092003515	27.870318059	162.767453622	164.573904236	 0.000000000	         0.015054240	         0.010883027	         0.025937267
 20636	     -365000	 0.092570801	27.604992693	169.371806482	164.291365090	 0.000000000	         0.012609576	         0.009064511	         0.021674087
 20637	     -364000	 0.093119552	27.330446081	175.827157039	163.992484758	 0.000000000	         0.010429080	         0.007462803	         0.017891883
 20638	     -363000	 0.093640067	27.046354091	-177.781266293	163.678336138	 0.000000000	         0.008508536	         0.006067430	         0.014575966
 20639	     -362000	 0.094269015	26.754330361	-171.315876311	163.369605519	 0.000000000	         0.006871513	         0.004890261	         0.011761773
 20640	     -361000	 0.094618814	26.456094150	-164.938958484	163.002286992	 0.000000000	         0.005416740	         0.003849015	         0.009265755
 20641	     -360000	 0.094987851	26.151951376	-158.573095958	162.572697952	 0.000000000	         0.004166026	         0.002957189	         0.007123215
 20642	     -359000	 0.095369622	25.844145517	-152.287201787	162.203137436	 0.000000000	         0.003233299	         0.002299667	         0.005532966
 20643	     -358000	 0.095473227	25.533561207	-145.888910310	161.810525998	 0.000000000	         0.002473023	         0.001764725	         0.004237748
 20644	     -357000	 0.095574329	25.221545497	-139.631422876	161.397948372	 0.000000000	         0.001876281	         0.001345370	         0.003221651
 20645	     -356000	 0.095678737	24.909951733	-133.296845744	160.966452480	 0.000000000	         0.001407942	         0.001015622	         0.002423564
 20646	     -355000	 0.095681203	24.598901010	-126.900619621	160.505404436	 0.000000000	         0.001042118	         0.000757057	         0.001799175
 20647	     -354000	 0.095478796	24.290557143	-120.577278446	160.015612799	 0.000000000	         0.000763187	         0.000558887	         0.001322074
 20648	     -353000	 0.095458718	23.985774359	-114.221628093	159.495560969	 0.000000000	         0.000550712	         0.000406639	         0.000957351
 20649	     -352000	 0.095398327	23.684513463	-107.865729250	158.945572615	 0.000000000	         0.000390871	         0.000290891	         0.000681762
 20650	     -351000	 0.095240376	23.389076636	-101.504116105	158.370362614	 0.000000000	         0.000271800	         0.000203081	         0.000474881
 20651	     -350000	 0.095096122	23.099399909	-95.173340010	157.749639499	 0.000000000	         0.000182364	         0.000135563	         0.000317928
 20652	     -349000	 0.094999252	22.816321285	-88.960469101	157.076116274	 0.000000000	         0.000117869	         0.000087091	         0.000204960
 20653	     -348000	 0.094841717	22.541726797	-82.657752735	156.362844204	 0.000000000	         0.000073035	         0.000053572	         0.000126608
 20654	     -347000	 0.094512503	22.274971487	-76.439575247	155.577598258	 0.000000000	         0.000042141	         0.000030623	         0.000072764
 20655	     -346000	 0.094194371	22.018276072	-70.308865275	154.711235164	 0.000000000	         0.000021935	         0.000015735	         0.000037670
 20656	     -345000	 0.093922140	21.772953009	-64.118712122	153.686514922	 0.000000000	         0.000009279	         0.000006518	         0.000015798
 20657	     -344000	 0.093300355	21.538672378	-57.930101235	152.299654111	 0.000000000	         0.000002327	         0.000001553	         0.000003880
 20658	     -343000	 0.092740138	21.318387692	-51.778747605	149.223496168	 0.000000000	         0.000000047	         0.000000001	         0.000000048
 20659	     -342000	 0.092169739	21.112794739	-45.610535095	149.223187607	 0.000000000	         0.000000047	         0.000000001	         0.000000048
 20660	     -341000	 0.091377557	20.922768657	-39.328442599	149.223844155	 0.000000000	         0.000000047	         0.000000001	         0.000000048
 20661	     -340000	 0.090607702	20.750964575	-33.105355782	149.225298768	 0.000000000	         0.000000047	         0.000000001	         0.000000048
 20662	     -339000	 0.089785060	20.597291952	-26.824862298	149.227596853	 0.000000000	         0.000000048	         0.000000001	         0.000000048
 20663	     -338000	 0.089049690	20.463408482	-20.398322624	149.230669631	 0.000000000	         0.000000048	         0.000000001	         0.000000048
 20664	     -337000	 0.088048229	20.351022249	-14.044232772	149.234610460	 0.000000000	         0.000000048	         0.000000001	         0.000000048
 20665	     -336000	 0.087204422	20.259465468	-7.571065312	149.239185494	 0.000000000	         0.000000048	         0.000000001	         0.000000048
 20666	     -335000	 0.086352283	20.189926936	-1.136674931	149.244328372	 0.000000000	         0.000000048	         0.000000001	         0.000000049
 20667	     -334000	 0.085383380	20.142635458	 5.477337224	149.250163308	 0.000000000	         0.000000048	         0.000000001	         0.000000049
 20668	     -333000	 0.084411295	20.117211449	12.081443414	149.256380516	 0.000000000	         0.000000048	         0.000000001	         0.000000049
 20669	     -332000	 0.083401064	20.113433214	18.708944067	149.262899298	 0.000000000	         0.000000048	         0.000000001	         0.000000049
 20670	     -331000	 0.082572941	20.130037738	25.472619980	149.269661429	 0.000000000	         0.000000048	         0.000000001	         0.000000049
 20671	     -330000	 0.081443003	20.167200157	32.335478137	149.276606286	 0.000000000	         0.000000048	         0.000000001	         0.000000049
 20672	     -329000	 0.080500513	20.223389509	39.240100701	149.283469060	 0.000000000	         0.000000048	         0.000000001	         0.000000049
 20673	     -328000	 0.079634605	20.296732395	46.215668489	149.290194533	 0.000000000	         0.000000048	         0.000000001	         0.000000049
 20674	     -327000	 0.078577853	20.387222098	53.398058906	149.296758640	 0.000000000	         0.000000048	         0.000000001	         0.000000049
 20675	     -326000	 0.077702044	20.492955878	60.513165202	149.302836493	 0.000000000	         0.000000048	         0.000000001	         0.000000049
 20676	     -325000	 0.076874934	20.612533407	67.807439301	149.308538912	 0.000000000	         0.000000049	         0.000000001	         0.000000049
 20677	     -324000	 0.076026922	20.745428963	75.252809962	149.313707723	 0.000000000	         0.000000049	         0.000000001	         0.000000049
 20678	     -323000	 0.075078032	20.889668314	82.739643953	149.318130600	 0.000000000	         0.000000049	         0.000000001	         0.000000049
 20679	     -322000	 0.074308601	21.044950268	90.312211677	149.321902779	 0.000000000	         0.000000049	         0.000000001	         0.000000050
 20680	     -321000	 0.073626079	21.210308968	98.027457036	149.324970728	 0.000000000	         0.000000049	         0.000000001	         0.000000050
 20681	     -320000	 0.072921001	21.384036563	105.993114824	149.327257908	 0.000000000	         0.000000049	         0.000000001	         0.000000050
 20682	     -319000	 0.072286571	21.566437244	113.968884955	149.328708258	 0.000000000	         0.000000049	         0.000000001	         0.000000050
 20683	     -318000	 0.071782063	21.755805647	122.015917729	151.404116722	 0.000000000	         0.000001840	         0.000001227	         0.000003067
 20684	     -317000	 0.071469228	21.951345971	130.242333881	152.455368824	 0.000000000	         0.000009158	         0.000006497	         0.000015655
 20685	     -316000	 0.071218657	22.152891551	138.541792199	153.221638178	 0.000000000	         0.000023874	         0.000017310	         0.000041184
 20686	     -315000	 0.071131593	22.358069468	146.863863896	153.892844774	 0.000000000	         0.000047505	         0.000034858	         0.000082363
 20687	     -314000	 0.071302845	22.566777481	155.194778428	154.533752396	 0.000000000	         0.000085741	         0.000063478	         0.000149219
 20688	     -313000	 0.071340423	22.778135986	163.633579606	155.129966745	 0.000000000	         0.000137918	         0.000102745	         0.000240663
 20689	     -312000	 0.071574712	22.989331129	171.928930362	155.728985529	 0.000000000	         0.000207934	         0.000155640	         0.000363574
 20690	     -311000	 0.072007583	23.200444603	-179.819118955	156.309437816	 0.000000000	         0.000292297	         0.000219560	         0.000511857
 20691	     -310000	 0.072435633	23.410285427	-171.337237843	156.902729083	 0.000000000	         0.000390473	         0.000294096	         0.000684569
 20692	     -309000	 0.072815138	23.616440169	-163.052700210	157.502546421	 0.000000000	         0.000497722	         0.000374733	         0.000872455
 20693	     -308000	 0.073357752	23.818722798	-154.748857363	158.093199931	 0.000000000	         0.000603218	         0.000451538	         0.001054756
 20694	     -307000	 0.074042058	24.015747619	-146.486384403	158.697243982	 0.000000000	         0.000710855	         0.000528588	         0.001239442
 20695	     -306000	 0.074696154	24.206766854	-138.105292044	159.290398296	 0.000000000	         0.000810886	         0.000598749	         0.001409635
 20696	     -305000	 0.075557625	24.391201100	-129.823929953	159.883043031	 0.000000000	         0.000907174	         0.000665213	         0.001572387
 20697	     -304000	 0.076377067	24.567896569	-121.626986070	160.460409026	 0.000000000	         0.000997200	         0.000726500	         0.001723700
 20698	     -303000	 0.077451680	24.737473639	-113.380141953	161.027760538	 0.000000000	         0.001082442	         0.000783887	         0.001866329
 20699	     -302000	 0.078480766	24.899335336	-105.303738132	161.568195187	 0.000000000	         0.001166498	         0.000840273	         0.002006771
 20700	     -301000	 0.079630201	25.052921120	-97.282718187	162.079923763	 0.000000000	         0.001250535	         0.000896683	         0.002147218
 20701	     -300000	 0.080903243	25.199214132	-89.348119639	162.560080271	 0.000000000	         0.001339964	         0.000957133	         0.002297097
 20702	     -299000	 0.081999178	25.337839010	-81.409543892	162.997458504	 0.000000000	         0.001439878	         0.001025467	         0.002465345
 20703	     -298000	 0.083175234	25.468650731	-73.690182950	163.384541962	 0.000000000	         0.001551417	         0.001102408	         0.002653825
 20704	     -297000	 0.084359125	25.592347749	-66.029577308	163.727397615	 0.000000000	         0.001682885	         0.001194137	         0.002877021
 20705	     -296000	 0.085667785	25.708550321	-58.264456530	164.022852139	 0.000000000	         0.001836629	         0.001302232	         0.003138861
 20706	     -295000	 0.086664229	25.817485501	-50.699569976	164.246675768	 0.000000000	         0.002014739	         0.001428137	         0.003442876
 20707	     -294000	 0.087846039	25.919110591	-43.181819527	164.425607536	 0.000000000	         0.002223723	         0.001576791	         0.003800515
 20708	     -293000	 0.089044832	26.013157496	-35.710862504	164.657624244	 0.000000000	         0.002534093	         0.001801653	         0.004335745
 20709	     -292000	 0.090119097	26.100038179	-28.243035392	164.628045100	 0.000000000	         0.002750584	         0.001954273	         0.004704857
 20710	     -291000	 0.091281225	26.179124500	-20.941232881	164.759156499	 0.000000000	         0.003150818	         0.002245964	         0.005396782
 20711	     -290000	 0.092364043	26.250520815	-13.661842040	164.646099619	 0.000000000	         0.003430317	         0.002444821	         0.005875137
 20712	     -289000	 0.093427792	26.314615124	-6.410964304	164.594864640	 0.000000000	         0.003834269	         0.002737885	         0.006572154
 20713	     -288000	 0.094440530	26.370908672	 0.704580500	164.525985243	 0.000000000	         0.004290541	         0.003070584	         0.007361125
 20714	     -287000	 0.095354683	26.419936858	 7.739381168	164.521059713	 0.000000000	         0.004908089	         0.003526399	         0.008434488
 20715	     -286000	 0.096341535	26.462101023	14.778502088	164.311632854	 0.000000000	         0.005321722	         0.003825089	         0.009146811
 20716	     -285000	 0.097090557	26.497298816	21.797651190	164.168665917	 0.000000000	         0.005880955	         0.004235844	         0.010116799
 20717	     -284000	 0.097818075	26.526481003	28.676732487	164.116046054	 0.000000000	         0.006645100	         0.004806041	         0.011451140
 20718	     -283000	 0.098556954	26.549898790	35.504944491	163.959346450	 0.000000000	         0.007265529	         0.005266505	         0.012532034
 20719	     -282000	 0.099219108	26.567924135	42.440036648	163.796950776	 0.000000000	         0.007908699	         0.005746126	         0.013654824
 20720	     -281000	 0.099755963	26.581636015	49.212976555	163.637605437	 0.000000000	         0.008536582	         0.006216136	         0.014752717
 20721	     -280000	 0.100294624	26.591081442	55.921878912	163.475763032	 0.000000000	         0.009132092	         0.006663372	         0.015795464
 20722	     -279000	 0.100914162	26.596933314	62.698414615	163.316178409	 0.000000000	         0.009716504	         0.007104122	         0.016820626
 20723	     -278000	 0.101266408	26.599884661	69.343949588	163.164247711	 0.000000000	         0.010224152	         0.007487993	         0.017712145
 20724	     -277000	 0.101672351	26.599985363	75.957946959	163.021692639	 0.000000000	         0.010684088	         0.007836669	         0.018520757
 20725	     -276000	 0.102092817	26.597920752	82.496887004	162.891050113	 0.000000000	         0.011076572	         0.008134992	         0.019211564
 20726	     -275000	 0.102279340	26.593967959	89.067544626	162.767545027	 0.000000000	         0.011365171	         0.008354168	         0.019719339
 20727	     -274000	 0.102499611	26.588266270	95.512695399	162.662823580	 0.000000000	         0.011572966	         0.008511754	         0.020084720
 20728	     -273000	 0.102528135	26.581350400	101.965558904	162.459693086	 0.000000000	         0.011281841	         0.008278448	         0.019560289
 20729	     -272000	 0.102638078	26.573195321	108.422531329	162.372427255	 0.000000000	         0.011242507	         0.008245638	         0.019488145
 20730	     -271000	 0.102473106	26.564087181	114.838346049	162.403833839	 0.000000000	         0.011431456	         0.008394955	         0.019826411
 20731	     -270000	 0.102354550	26.554255164	121.253168846	162.347605110	 0.000000000	         0.011165063	         0.008188200	         0.019353263
 20732	     -269000	 0.102296248	26.543607091	127.609299467	162.304505429	 0.000000000	         0.010832750	         0.007932486	         0.018765235
 20733	     -268000	 0.102037441	26.532518769	134.094495346	162.284510994	 0.000000000	         0.010426839	         0.007621500	         0.018048339
 20734	     -267000	 0.101773466	26.520840546	140.399582108	162.271644493	 0.000000000	         0.009955303	         0.007260874	         0.017216177
 20735	     -266000	 0.101483838	26.508664689	146.712390923	162.277838694	 0.000000000	         0.009454150	         0.006878726	         0.016332875
 20736	     -265000	 0.101260566	26.496190185	153.120811776	162.306575341	 0.000000000	         0.008932983	         0.006482497	         0.015415481
 20737	     -264000	 0.100774896	26.483131370	159.399299417	162.355554612	 0.000000000	         0.008388504	         0.006070573	         0.014459077
 20738	     -263000	 0.100357253	26.469649072	165.672694153	162.416296761	 0.000000000	         0.007826605	         0.005647221	         0.013473825
 20739	     -262000	 0.099913047	26.455669016	171.973360935	162.495812119	 0.000000000	         0.007267915	         0.005228432	         0.012496347
 20740	     -261000	 0.099306396	26.440969158	178.286988099	162.581497254	 0.000000000	         0.006694209	         0.004799938	         0.011494147
 20741	     -260000	 0.098684159	26.425632013	-175.482433393	162.682823510	 0.000000000	         0.006154280	         0.004398693	         0.010552972
 20742	     -259000	 0.098000006	26.409433762	-169.185655810	162.799564004	 0.000000000	         0.005630405	         0.004011140	         0.009641545
 20743	     -258000	 0.097239175	26.392335359	-162.822195829	162.857037539	 0.000000000	         0.005041692	         0.003575139	         0.008616832
 20744	     -257000	 0.096463176	26.374245346	-156.512997135	163.011591985	 0.000000000	         0.004615460	         0.003264326	         0.007879786
 20745	     -256000	 0.095611291	26.354847716	-150.189586488	163.176226570	 0.000000000	         0.004227728	         0.002983191	         0.007210920
 20746	     -255000	 0.094905072	26.334264963	-143.802229612	163.344386029	 0.000000000	         0.003872607	         0.002726770	         0.006599378
 20747	     -254000	 0.093973777	26.312121915	-137.376640101	163.515015204	 0.000000000	         0.003554687	         0.002498459	         0.006053146
 20748	     -253000	 0.093064129	26.288292216	-131.032088052	163.674559551	 0.000000000	         0.003274309	         0.002297954	         0.005572262
 20749	     -252000	 0.092270861	26.262756341	-124.693317508	163.836374317	 0.000000000	         0.003034078	         0.002127080	         0.005161158
 20750	     -251000	 0.091319608	26.234987488	-118.200660637	163.982946095	 0.000000000	         0.002819611	         0.001975199	         0.004794810
 20751	     -250000	 0.090287261	26.205101319	-111.797498010	164.113123970	 0.000000000	         0.002641773	         0.001850054	         0.004491827
 20752	     -249000	 0.089277888	26.172698150	-105.413547627	164.220056281	 0.000000000	         0.002491465	         0.001744812	         0.004236278
 20753	     -248000	 0.088256798	26.137283786	-98.874069580	164.314403777	 0.000000000	         0.002367452	         0.001658787	         0.004026239
 20754	     -247000	 0.087061563	26.099049544	-92.388261084	164.366185185	 0.000000000	         0.002266541	         0.001589326	         0.003855866
 20755	     -246000	 0.085937024	26.057439325	-85.807785548	164.396335286	 0.000000000	         0.002186624	         0.001535119	         0.003721743
 20756	     -245000	 0.084837261	26.012087405	-79.205416717	164.397617915	 0.000000000	         0.002126900	         0.001495572	         0.003622472
 20757	     -244000	 0.083570284	25.963060743	-72.432099440	164.358342909	 0.000000000	         0.002083755	         0.001468014	         0.003551769
 20758	     -243000	 0.082473098	25.909767900	-65.770256756	164.290063874	 0.000000000	         0.002053548	         0.001449919	         0.003503467
 20759	     -242000	 0.081257461	25.852258478	-59.000409889	164.179187528	 0.000000000	         0.002033258	         0.001438980	         0.003472238
 20760	     -241000	 0.080212915	25.790305687	-52.102418923	164.039875280	 0.000000000	         0.002021392	         0.001434294	         0.003455686
 20761	     -240000	 0.078985752	25.723396119	-45.225849260	163.868039349	 0.000000000	         0.002018986	         0.001436722	         0.003455708
 20762	     -239000	 0.077809760	25.652017403	-38.305855899	163.669610386	 0.000000000	         0.002021358	         0.001442770	         0.003464128
 20763	     -238000	 0.076746489	25.575793674	-31.354512297	163.437025892	 0.000000000	         0.002018393	         0.001444932	         0.003463325
 20764	     -237000	 0.075574847	25.494512236	-24.181605469	163.176461902	 0.000000000	         0.002017634	         0.001448920	         0.003466554
 20765	     -236000	 0.074357476	25.408542225	-17.128978698	162.894647853	 0.000000000	         0.002009351	         0.001447475	         0.003456826
 20766	     -235000	 0.073234805	25.317848233	-9.946566947	162.602963952	 0.000000000	         0.002000395	         0.001445808	         0.003446203
 20767	     -234000	 0.072168182	25.222592556	-2.545388764	162.289907463	 0.000000000	         0.001983150	         0.001438119	         0.003421269
 20768	     -233000	 0.070952499	25.122773472	 4.818408780	161.971828132	 0.000000000	         0.001958350	         0.001424838	         0.003383187
 20769	     -232000	 0.069936016	25.018740658	12.301997103	161.638490610	 0.000000000	         0.001918315	         0.001400011	         0.003318326
 20770	     -231000	 0.068973301	24.911019289	19.959323455	161.296803323	 0.000000000	         0.001867735	         0.001367190	         0.003234924
 20771	     -230000	 0.067997009	24.799561091	27.664641583	160.953468564	 0.000000000	         0.001805226	         0.001325450	         0.003130676
 20772	     -229000	 0.067151105	24.684901400	35.390531236	160.601475794	 0.000000000	         0.001724726	         0.001270075	         0.002994801
 20773	     -228000	 0.066404574	24.567622096	43.214197110	160.254212788	 0.000000000	         0.001637061	         0.001209241	         0.002846302
 20774	     -227000	 0.065653857	24.447706677	51.243808581	159.900413379	 0.000000000	         0.001535613	         0.001137764	         0.002673377
 20775	     -226000	 0.064951709	24.325966181	59.206724666	159.547532733	 0.000000000	         0.001422188	         0.001056913	         0.002479101
 20776	     -225000	 0.064316222	24.202554775	67.232864090	159.197524546	 0.000000000	         0.001302052	         0.000970579	         0.002272630
 20777	     -224000	 0.063895073	24.077650183	75.403386954	158.977080633	 0.000000000	         0.001249892	         0.000935854	         0.002185746
 20778	     -223000	 0.063424803	23.952189204	83.740377449	158.492847118	 0.000000000	         0.001046647	         0.000784840	         0.001831488
 20779	     -222000	 0.063026532	23.826103948	92.021320640	158.143984401	 0.000000000	         0.000916713	         0.000689323	         0.001606037
 20780	     -221000	 0.062815824	23.699807263	100.345313738	157.950107559	 0.000000000	         0.000856373	         0.000646317	         0.001502690
 20781	     -220000	 0.062794824	23.573951502	108.899672022	157.449887739	 0.000000000	         0.000671585	         0.000507379	         0.001178964
 20782	     -219000	 0.062824091	23.448913282	117.361595541	157.087982814	 0.000000000	         0.000554447	         0.000419458	         0.000973906
 20783	     -218000	 0.063038376	23.325311978	125.783973139	156.741167112	 0.000000000	         0.000447560	         0.000337922	         0.000785482
 20784	     -217000	 0.063548061	23.203501937	134.368671742	156.395082213	 0.000000000	         0.000354161	         0.000266747	         0.000620908
 20785	     -216000	 0.063922666	23.084272426	142.734028062	156.052704922	 0.000000000	         0.000275805	         0.000207164	         0.000482969
 20786	     -215000	 0.064617805	22.968865474	151.067261629	155.721729667	 0.000000000	         0.000213665	         0.000160018	         0.000373683
 20787	     -214000	 0.065394522	22.857430117	159.352650667	155.403112002	 0.000000000	         0.000164007	         0.000122431	         0.000286438
 20788	     -213000	 0.066235999	22.750743597	167.744935617	155.099640148	 0.000000000	         0.000125003	         0.000092980	         0.000217983
 20789	     -212000	 0.067152140	22.650412830	175.864595794	154.824872911	 0.000000000	         0.000095886	         0.000071053	         0.000166939
 20790	     -211000	 0.068139249	22.556723721	-175.963985569	154.538801404	 0.000000000	         0.000071745	         0.000052929	         0.000124674
 20791	     -210000	 0.069443814	22.470342526	-167.940219215	154.294230829	 0.000000000	         0.000054543	         0.000040057	         0.000094600
 20792	     -209000	 0.070617138	22.392214097	-159.815565426	154.097177158	 0.000000000	         0.000042471	         0.000031051	         0.000073522
 20793	     -208000	 0.071985370	22.322864136	-151.888184450	153.931247500	 0.000000000	         0.000033721	         0.000024544	         0.000058265
 20794	     -207000	 0.073458104	22.262747901	-144.068381244	153.810772642	 0.000000000	         0.000027715	         0.000020090	         0.000047805
 20795	     -206000	 0.075120855	22.212035729	-136.251320771	153.744586492	 0.000000000	         0.000023782	         0.000017178	         0.000040961
 20796	     -205000	 0.076737766	22.170958981	-128.643093562	153.726498995	 0.000000000	         0.000021250	         0.000015305	         0.000036556
 20797	     -204000	 0.078482218	22.139849133	-121.130412554	153.749803763	 0.000000000	         0.000019665	         0.000014132	         0.000033798
 20798	     -203000	 0.080369184	22.118414728	-113.637767311	153.840847191	 0.000000000	         0.000019273	         0.000013835	         0.000033109
 20799	     -202000	 0.082010663	22.106386947	-106.283407002	153.979998117	 0.000000000	         0.000019637	         0.000014093	         0.000033730
 20800	     -201000	 0.083790603	22.103921105	-99.101902423	154.177147827	 0.000000000	         0.000020959	         0.000015054	         0.000036013
 20801	     -200000	 0.085686492	22.110667977	-91.904583528	154.406837755	 0.000000000	         0.000022860	         0.000016439	         0.000039299
 20802	     -199000	 0.087488192	22.126492948	-84.673451494	154.685685671	 0.000000000	         0.000025814	         0.000018599	         0.000044412
 20803	     -198000	 0.089182195	22.151081704	-77.634370465	154.976807166	 0.000000000	         0.000029457	         0.000021270	         0.000050727
 20804	     -197000	 0.090949752	22.184204048	-70.570546328	155.294152319	 0.000000000	         0.000034282	         0.000024818	         0.000059101
 20805	     -196000	 0.092820032	22.225967428	-63.566359241	155.612660708	 0.000000000	         0.000040137	         0.000029134	         0.000069271
 20806	     -195000	 0.094580526	22.275899917	-56.587194676	155.934783836	 0.000000000	         0.000047525	         0.000034597	         0.000082122
 20807	     -194000	 0.096340585	22.333865163	-49.627717610	156.248961607	 0.000000000	         0.000056665	         0.000041374	         0.000098039
 20808	     -193000	 0.098168556	22.399929310	-42.788044175	156.551621273	 0.000000000	         0.000067955	         0.000049771	         0.000117727
 20809	     -192000	 0.099890725	22.473573327	-35.889283201	156.829022353	 0.000000000	         0.000081768	         0.000060075	         0.000141843
 20810	     -191000	 0.101491539	22.554538609	-29.109355819	157.080077072	 0.000000000	         0.000098597	         0.000072666	         0.000171263
 20811	     -190000	 0.103119931	22.642429967	-22.371864886	157.316067679	 0.000000000	         0.000119855	         0.000088614	         0.000208469
 20812	     -189000	 0.104762165	22.736553467	-15.542574495	157.537750765	 0.000000000	         0.000147049	         0.000109073	         0.000256122
 20813	     -188000	 0.106077970	22.836500981	-8.811766849	157.723507375	 0.000000000	         0.000179936	         0.000133882	         0.000313818
 20814	     -187000	 0.107434669	22.941096784	-2.088670295	157.901236932	 0.000000000	         0.000222152	         0.000165809	         0.000387961
 20815	     -186000	 0.108857953	23.049636574	 4.601140026	158.074563871	 0.000000000	         0.000276726	         0.000207181	         0.000483907
 20816	     -185000	 0.109993015	23.161433163	11.391258749	158.207747353	 0.000000000	         0.000341911	         0.000256724	         0.000598635
 20817	     -184000	 0.111154276	23.274779793	18.075142745	158.337255189	 0.000000000	         0.000423972	         0.000319226	         0.000743198
 20818	     -183000	 0.112174784	23.389163525	24.767088913	158.438196533	 0.000000000	         0.000520400	         0.000391951	         0.000912351
 20819	     -182000	 0.113292991	23.503736141	31.529888471	158.538105044	 0.000000000	         0.000640289	         0.000482150	         0.001122438
 20820	     -181000	 0.114098547	23.616823358	38.170783280	158.618023391	 0.000000000	         0.000778333	         0.000585777	         0.001364110
 20821	     -180000	 0.114960379	23.728200033	44.897340348	158.689932862	 0.000000000	         0.000942413	         0.000708754	         0.001651167
 20822	     -179000	 0.115733283	23.837101090	51.534811325	158.753310216	 0.000000000	         0.001130160	         0.000849209	         0.001979369
 20823	     -178000	 0.116291999	23.942451895	58.238455679	158.798914179	 0.000000000	         0.001336396	         0.001003191	         0.002339587
 20824	     -177000	 0.116752823	24.044306989	64.896406369	158.851590826	 0.000000000	         0.001572372	         0.001179214	         0.002751585
 20825	     -176000	 0.117113408	24.141974794	71.546340623	158.887178931	 0.000000000	         0.001816514	         0.001360806	         0.003177320
 20826	     -175000	 0.117516548	24.235187222	78.283318756	158.930091722	 0.000000000	         0.002089604	         0.001564004	         0.003653609
 20827	     -174000	 0.117497825	24.323989648	84.966749026	159.076029849	 0.000000000	         0.002481431	         0.001858176	         0.004339607
 20828	     -173000	 0.117583481	24.407713955	91.663245088	159.107551281	 0.000000000	         0.002755445	         0.002061246	         0.004816690
 20829	     -172000	 0.117702337	24.486545874	98.375414067	159.145621714	 0.000000000	         0.003027442	         0.002262443	         0.005289885
 20830	     -171000	 0.117448939	24.560379233	105.125170560	159.177529103	 0.000000000	         0.003253131	         0.002428044	         0.005681175
 20831	     -170000	 0.117294616	24.628515563	111.794927404	159.085398034	 0.000000000	         0.003257919	         0.002423314	         0.005681233
 20832	     -169000	 0.117051204	24.691056478	118.488750371	159.127303690	 0.000000000	         0.003388007	         0.002515778	         0.005903786
 20833	     -168000	 0.116694469	24.747679595	125.220845564	159.306241738	 0.000000000	         0.003673436	         0.002729680	         0.006403116
 20834	     -167000	 0.116144314	24.797742697	131.875763886	159.252622462	 0.000000000	         0.003536100	         0.002618941	         0.006155042
 20835	     -166000	 0.115557965	24.841092169	138.527230329	159.412826962	 0.000000000	         0.003670609	         0.002719392	         0.006390001
 20836	     -165000	 0.114953875	24.877326778	145.204853870	159.481069412	 0.000000000	         0.003607936	         0.002668724	         0.006276659
 20837	     -164000	 0.114064495	24.906202684	151.887366120	159.551243666	 0.000000000	         0.003486366	         0.002573921	         0.006060287
 20838	     -163000	 0.113160022	24.927437228	158.570460530	159.633735110	 0.000000000	         0.003333623	         0.002456386	         0.005790009
 20839	     -162000	 0.112205950	24.940877468	165.212851485	159.718361461	 0.000000000	         0.003144495	         0.002312301	         0.005456796
 20840	     -161000	 0.111128841	24.946788821	171.954724633	159.820349883	 0.000000000	         0.002937121	         0.002155620	         0.005092741
 20841	     -160000	 0.109982723	24.945086042	178.648317645	159.917552668	 0.000000000	         0.002706356	         0.001982090	         0.004688446
 20842	     -159000	 0.108782538	24.936099830	-174.666274991	160.015568950	 0.000000000	         0.002468149	         0.001803659	         0.004271808
 20843	     -158000	 0.107715009	24.920407394	-167.903733872	160.116867211	 0.000000000	         0.002228270	         0.001624822	         0.003853092
 20844	     -157000	 0.106270321	24.898263706	-161.189282645	160.135800942	 0.000000000	         0.001940479	         0.001410111	         0.003350590
 20845	     -156000	 0.104922200	24.870426901	-154.498520536	160.267100317	 0.000000000	         0.001749675	         0.001269799	         0.003019474
 20846	     -155000	 0.103729263	24.837516634	-147.811480016	160.390421930	 0.000000000	         0.001572222	         0.001139739	         0.002711961
 20847	     -154000	 0.102168826	24.799988809	-141.049107898	160.518852215	 0.000000000	         0.001411776	         0.001022605	         0.002434381
 20848	     -153000	 0.100670931	24.758772243	-134.374251356	160.632709311	 0.000000000	         0.001269064	         0.000918727	         0.002187790
 20849	     -152000	 0.099050831	24.714288333	-127.673192223	160.744855309	 0.000000000	         0.001146497	         0.000829864	         0.001976361
 20850	     -151000	 0.097504847	24.666984470	-120.928289197	160.849638780	 0.000000000	         0.001041346	         0.000753852	         0.001795198
 20851	     -150000	 0.095713095	24.617669046	-114.195970824	160.931716306	 0.000000000	         0.000951099	         0.000688830	         0.001639929
 20852	     -149000	 0.094027396	24.566731161	-107.364459453	161.005191780	 0.000000000	         0.000875924	         0.000634868	         0.001510792
 20853	     -148000	 0.092350801	24.514663224	-100.601377313	161.047591474	 0.000000000	         0.000812281	         0.000589303	         0.001401583
 20854	     -147000	 0.090555507	24.461999598	-93.694027070	161.078489033	 0.000000000	         0.000762070	         0.000553612	         0.001315682
 20855	     -146000	 0.088844758	24.409155167	-86.883208268	161.078461292	 0.000000000	         0.000720721	         0.000524380	         0.001245102
 20856	     -145000	 0.087160066	24.356869149	-80.031519317	161.062119071	 0.000000000	         0.000689757	         0.000502767	         0.001192524
 20857	     -144000	 0.085545294	24.305603580	-73.072406637	161.020636308	 0.000000000	         0.000665216	         0.000485785	         0.001151001
 20858	     -143000	 0.083716342	24.255741123	-66.165386214	160.944056936	 0.000000000	         0.000646760	         0.000473257	         0.001120018
 20859	     -142000	 0.082025317	24.208367750	-59.274259003	160.854117100	 0.000000000	         0.000634951	         0.000465588	         0.001100539
 20860	     -141000	 0.080457978	24.164038814	-52.329228644	160.745557062	 0.000000000	         0.000627471	         0.000461045	         0.001088516
 20861	     -140000	 0.078696245	24.123134581	-45.216632012	160.618028945	 0.000000000	         0.000625598	         0.000460626	         0.001086225
 20862	     -139000	 0.076969496	24.086768000	-38.227399418	160.478927118	 0.000000000	         0.000627770	         0.000463139	         0.001090909
 20863	     -138000	 0.075366589	24.055487843	-31.109108763	160.334885264	 0.000000000	         0.000634163	         0.000468730	         0.001102893
 20864	     -137000	 0.073717305	24.029761119	-23.857142940	160.187447250	 0.000000000	         0.000645961	         0.000478305	         0.001124266
 20865	     -136000	 0.072128219	24.010365752	-16.608955727	160.044070295	 0.000000000	         0.000662670	         0.000491470	         0.001154140
 20866	     -135000	 0.070672647	23.997586095	-9.235159750	159.901690160	 0.000000000	         0.000683541	         0.000507662	         0.001191204
 20867	     -134000	 0.069340845	23.991884948	-1.796399738	159.776042938	 0.000000000	         0.000712432	         0.000529812	         0.001242244
 20868	     -133000	 0.067942036	23.993669277	 5.696256998	159.664135927	 0.000000000	         0.000748860	         0.000557463	         0.001306322
 20869	     -132000	 0.066729839	24.002764835	13.248810693	159.566963569	 0.000000000	         0.000792606	         0.000590477	         0.001383083
 20870	     -131000	 0.065701973	24.019470099	20.755278576	159.482998385	 0.000000000	         0.000842916	         0.000628221	         0.001471137
 20871	     -130000	 0.064694497	24.043863929	28.501796313	159.418396885	 0.000000000	         0.000905316	         0.000674915	         0.001580231
 20872	     -129000	 0.063656618	24.075520037	36.212048969	159.370485034	 0.000000000	         0.000976247	         0.000727835	         0.001704083
 20873	     -128000	 0.062814077	24.114552563	43.884172650	159.341387000	 0.000000000	         0.001057754	         0.000788500	         0.001846254
 20874	     -127000	 0.062190036	24.160709998	51.712946281	159.322741319	 0.000000000	         0.001148850	         0.000856062	         0.002004911
 20875	     -126000	 0.061444730	24.213616146	59.658084167	159.324197558	 0.000000000	         0.001253017	         0.000933180	         0.002186197
 20876	     -125000	 0.060905279	24.273210693	67.612219870	159.343662510	 0.000000000	         0.001369029	         0.001018768	         0.002387797
 20877	     -124000	 0.060605483	24.338983445	75.549732808	159.503988493	 0.000000000	         0.001580352	         0.001176784	         0.002757137
 20878	     -123000	 0.060322707	24.410708946	83.744650553	159.551008463	 0.000000000	         0.001724737	         0.001282861	         0.003007598
 20879	     -122000	 0.060240268	24.488082597	91.730660396	159.611677330	 0.000000000	         0.001875534	         0.001393015	         0.003268549
 20880	     -121000	 0.060310521	24.570445804	99.843564380	159.689921672	 0.000000000	         0.002036889	         0.001510506	         0.003547394
 20881	     -120000	 0.060615009	24.657823538	107.946702881	159.653610080	 0.000000000	         0.002092771	         0.001546130	         0.003638901
 20882	     -119000	 0.060830186	24.749662816	115.985485139	159.759312980	 0.000000000	         0.002240236	         0.001651143	         0.003891380
 20883	     -118000	 0.061370590	24.845188461	123.980184656	160.016191918	 0.000000000	         0.002516850	         0.001854889	         0.004371739
 20884	     -117000	 0.061949112	24.944408877	131.926993379	160.159113883	 0.000000000	         0.002670240	         0.001963987	         0.004634227
 20885	     -116000	 0.062656318	25.046557463	139.966530563	160.315850510	 0.000000000	         0.002817715	         0.002067736	         0.004885450
 20886	     -115000	 0.063344079	25.150981367	147.884613261	160.505297798	 0.000000000	         0.002972164	         0.002175860	         0.005148024
 20887	     -114000	 0.064212536	25.257231565	155.720333812	160.700950800	 0.000000000	         0.003104609	         0.002266220	         0.005370830
 20888	     -113000	 0.065340905	25.364427051	163.588820020	160.924047978	 0.000000000	         0.003232533	         0.002352777	         0.005585310
 20889	     -112000	 0.066309641	25.472179031	171.506143729	161.168149918	 0.000000000	         0.003328060	         0.002414385	         0.005742445
 20890	     -111000	 0.067510544	25.579401868	179.246661016	161.421427860	 0.000000000	         0.003398198	         0.002456553	         0.005854751
 20891	     -110000	 0.068855438	25.685201799	-173.098507467	161.707063437	 0.000000000	         0.003459610	         0.002492156	         0.005951766
 20892	     -109000	 0.070223869	25.789257696	-165.346901108	161.885966530	 0.000000000	         0.003356974	         0.002403170	         0.005760144
 20893	     -108000	 0.071659924	25.890183728	-157.827053040	162.206876597	 0.000000000	         0.003364517	         0.002399693	         0.005764209
 20894	     -107000	 0.073248299	25.987304624	-150.343952519	162.542651684	 0.000000000	         0.003350435	         0.002381130	         0.005731566
 20895	     -106000	 0.074795665	26.080124831	-142.820398658	162.892342698	 0.000000000	         0.003313070	         0.002346403	         0.005659473
 20896	     -105000	 0.076303131	26.167376330	-135.424019480	163.243989836	 0.000000000	         0.003260847	         0.002301842	         0.005562689
 20897	     -104000	 0.077944678	26.249028824	-128.132242408	163.592769586	 0.000000000	         0.003195663	         0.002248698	         0.005444361
 20898	     -103000	 0.079653700	26.324399442	-120.835778795	163.943129228	 0.000000000	         0.003125376	         0.002193142	         0.005318518
 20899	     -102000	 0.081245405	26.392558106	-113.497879067	164.287970724	 0.000000000	         0.003054905	         0.002138580	         0.005193485
 20900	     -101000	 0.082905851	26.454010751	-106.255601474	164.611835461	 0.000000000	         0.002987787	         0.002087327	         0.005075114
 20901	     -100000	 0.084561943	26.508018289	-99.117519156	164.919537014	 0.000000000	         0.002935586	         0.002047872	         0.004983458
 20902	      -99000	 0.086389596	26.554242789	-91.905895043	165.199707063	 0.000000000	         0.002889662	         0.002013672	         0.004903334
 20903	      -98000	 0.088081511	26.593184343	-84.744085779	165.447445017	 0.000000000	         0.002867421	         0.001997277	         0.004864698
 20904	      -97000	 0.089787700	26.624056541	-77.666208382	165.654927636	 0.000000000	         0.002863769	         0.001994819	         0.004858588
 20905	      -96000	 0.091655547	26.647071155	-70.662619373	165.819535580	 0.000000000	         0.002878638	         0.002006105	         0.004884743
 20906	      -95000	 0.093266542	26.662376195	-63.605205688	165.940953388	 0.000000000	         0.002928399	         0.002043325	         0.004971724
 20907	      -94000	 0.094958482	26.669034293	-56.669115065	166.003297719	 0.000000000	         0.002994070	         0.002092168	         0.005086239
 20908	      -93000	 0.096624922	26.667533742	-49.773580760	166.023597098	 0.000000000	         0.003090661	         0.002164103	         0.005254764
 20909	      -92000	 0.098202523	26.657526368	-42.752537474	166.079909742	 0.000000000	         0.003283195	         0.002308317	         0.005591512
 20910	      -91000	 0.099606850	26.638211146	-35.896984838	165.898554885	 0.000000000	         0.003361841	         0.002366131	         0.005727971
 20911	      -90000	 0.101130171	26.610110151	-28.990237958	165.757891782	 0.000000000	         0.003525357	         0.002488283	         0.006013640
 20912	      -89000	 0.102664151	26.572540978	-22.129805873	165.577475302	 0.000000000	         0.003709558	         0.002626636	         0.006336194
 20913	      -88000	 0.103938334	26.525369198	-15.179889311	165.438426227	 0.000000000	         0.004003449	         0.002849035	         0.006852485
 20914	      -87000	 0.105376627	26.469033618	-8.342102924	165.084883402	 0.000000000	         0.004115180	         0.002933289	         0.007048470
 20915	      -86000	 0.106668109	26.402954897	-1.543456330	164.795016976	 0.000000000	         0.004324437	         0.003093250	         0.007417687
 20916	      -85000	 0.108043764	26.327790236	 5.312996708	164.488669023	 0.000000000	         0.004547967	         0.003265087	         0.007813054
 20917	      -84000	 0.109259935	26.244140463	12.093140301	164.144241175	 0.000000000	         0.004732401	         0.003408179	         0.008140580
 20918	      -83000	 0.110408185	26.151993854	18.843266466	163.788915135	 0.000000000	         0.004901427	         0.003541049	         0.008442475
 20919	      -82000	 0.111609594	26.052463392	25.574114090	163.416315292	 0.000000000	         0.005034201	         0.003647865	         0.008682066
 20920	      -81000	 0.112501109	25.946124628	32.336435922	163.039975957	 0.000000000	         0.005139075	         0.003735113	         0.008874188
 20921	      -80000	 0.113406621	25.833775016	38.994944817	162.659199317	 0.000000000	         0.005190139	         0.003782988	         0.008973128
 20922	      -79000	 0.114262012	25.716485790	45.670824323	162.275037906	 0.000000000	         0.005193301	         0.003795573	         0.008988874
 20923	      -78000	 0.114959478	25.594536256	52.460908210	161.889205657	 0.000000000	         0.005148150	         0.003772439	         0.008920589
 20924	      -77000	 0.115469999	25.469291967	59.116301864	161.507713802	 0.000000000	         0.005033986	         0.003697635	         0.008731621
 20925	      -76000	 0.116021941	25.341276495	65.800550868	161.127844341	 0.000000000	         0.004864746	         0.003581261	         0.008446007
 20926	      -75000	 0.116517503	25.210584791	72.546362805	160.860110549	 0.000000000	         0.004851148	         0.003586303	         0.008437450
 20927	      -74000	 0.116826335	25.078499544	79.258085071	160.388881758	 0.000000000	         0.004385963	         0.003242429	         0.007628392
 20928	      -73000	 0.117170715	24.945015705	85.940955413	160.136398303	 0.000000000	         0.004270183	         0.003169222	         0.007439405
 20929	      -72000	 0.117469291	24.810374084	92.589489467	159.798863476	 0.000000000	         0.003946563	         0.002935274	         0.006881837
 20930	      -71000	 0.117543929	24.675477741	99.298374357	159.461752805	 0.000000000	         0.003581800	         0.002669065	         0.006250865
 20931	      -70000	 0.117618325	24.539939096	105.940208940	159.125534346	 0.000000000	         0.003194492	         0.002384888	         0.005579380
 20932	      -69000	 0.117522174	24.404474741	112.524463742	158.678682024	 0.000000000	         0.002649762	         0.001978426	         0.004628188
 20933	      -68000	 0.117449283	24.269751992	119.183202480	158.361793526	 0.000000000	         0.002283489	         0.001708408	         0.003991898
 20934	      -67000	 0.117090878	24.135524532	125.821109120	158.197635720	 0.000000000	         0.002076965	         0.001560163	         0.003637128
 20935	      -66000	 0.116695719	24.003138132	132.442937564	157.898807214	 0.000000000	         0.001734993	         0.001306140	         0.003041134
 20936	      -65000	 0.116303997	23.872912780	139.025205085	157.617485925	 0.000000000	         0.001441328	         0.001087663	         0.002528991
 20937	      -64000	 0.115626432	23.745097477	145.748638834	157.356956987	 0.000000000	         0.001188462	         0.000899030	         0.002087492
 20938	      -63000	 0.114999642	23.621418574	152.379810965	156.945969180	 0.000000000	         0.000889684	         0.000673637	         0.001563321
 20939	      -62000	 0.114283649	23.501979354	159.003532598	156.854557936	 0.000000000	         0.000782350	         0.000593829	         0.001376179
 20940	      -61000	 0.113531030	23.387438017	165.788285431	156.466051150	 0.000000000	         0.000569585	         0.000431383	         0.001000968
 20941	      -60000	 0.112551005	23.279325931	172.409679135	156.243920169	 0.000000000	         0.000449559	         0.000339621	         0.000789180
 20942	      -59000	 0.111658036	23.177564718	179.133667452	156.049061719	 0.000000000	         0.000356749	         0.000268799	         0.000625548
 20943	      -58000	 0.110711029	23.082932068	-174.188779185	155.855904220	 0.000000000	         0.000280745	         0.000210924	         0.000491669
 20944	      -57000	 0.109515538	22.996088468	-167.406446767	155.729243713	 0.000000000	         0.000226938	         0.000170024	         0.000396962
 20945	      -56000	 0.108363066	22.916897378	-160.680149192	155.632563729	 0.000000000	         0.000186173	         0.000139098	         0.000325270
 20946	      -55000	 0.107077802	22.845945713	-153.941067852	155.534869580	 0.000000000	         0.000152005	         0.000113233	         0.000265238
 20947	      -54000	 0.105870971	22.782890099	-147.097706932	155.496976795	 0.000000000	         0.000128571	         0.000095519	         0.000224090
 20948	      -53000	 0.104417335	22.727644816	-140.251906593	155.486768005	 0.000000000	         0.000110624	         0.000081975	         0.000192599
 20949	      -52000	 0.102994626	22.680345848	-133.366406660	155.510299458	 0.000000000	         0.000097483	         0.000072068	         0.000169551
 20950	      -51000	 0.101645415	22.640205081	-126.436007151	155.554972065	 0.000000000	         0.000087405	         0.000064478	         0.000151882
 20951	      -50000	 0.100119271	22.607092644	-119.417466034	155.634303354	 0.000000000	         0.000080443	         0.000059234	         0.000139678
 20952	      -49000	 0.098719944	22.580843085	-112.431172354	155.741244630	 0.000000000	         0.000075866	         0.000055783	         0.000131649
 20953	      -48000	 0.097327639	22.560765671	-105.413531728	155.856837119	 0.000000000	         0.000072616	         0.000053330	         0.000125946
 20954	      -47000	 0.095885444	22.546799816	-98.199139184	155.996094296	 0.000000000	         0.000071086	         0.000052164	         0.000123249
 20955	      -46000	 0.094317785	22.538581050	-91.111280432	156.129704753	 0.000000000	         0.000070563	         0.000051754	         0.000122317
 20956	      -45000	 0.092896913	22.535811908	-83.975039159	156.284517018	 0.000000000	         0.000071846	         0.000052695	         0.000124541
 20957	      -44000	 0.091485680	22.538513383	-76.684787866	156.422860334	 0.000000000	         0.000073649	         0.000054027	         0.000127676
 20958	      -43000	 0.089945496	22.546225509	-69.303197442	156.547320655	 0.000000000	         0.000076345	         0.000056031	         0.000132375
 20959	      -42000	 0.088494078	22.558982839	-61.940482079	156.669952228	 0.000000000	         0.000080518	         0.000059143	         0.000139661
 20960	      -41000	 0.087043053	22.576574128	-54.500406596	156.765397242	 0.000000000	         0.000085302	         0.000062719	         0.000148022
 20961	      -40000	 0.085663300	22.598675755	-46.906747096	156.860612602	 0.000000000	         0.000091955	         0.000067700	         0.000159655
 20962	      -39000	 0.084406687	22.625248227	-39.268699058	156.930630149	 0.000000000	         0.000099466	         0.000073334	         0.000172801
 20963	      -38000	 0.083106709	22.655842399	-31.584854197	156.969308814	 0.000000000	         0.000107617	         0.000079461	         0.000187078
 20964	      -37000	 0.082107173	22.690279986	-23.777141751	157.017682683	 0.000000000	         0.000118491	         0.000087643	         0.000206134
 20965	      -36000	 0.080938392	22.728272811	-15.967998783	157.039010907	 0.000000000	         0.000130435	         0.000096645	         0.000227080
 20966	      -35000	 0.079978433	22.769121224	-8.166579713	157.051919246	 0.000000000	         0.000144234	         0.000107061	         0.000251294
 20967	      -34000	 0.079200362	22.812710091	-0.359243973	157.078174413	 0.000000000	         0.000161810	         0.000120341	         0.000282150
 20968	      -33000	 0.078368383	22.858599208	 7.685635996	157.084056040	 0.000000000	         0.000181359	         0.000135137	         0.000316497
 20969	      -32000	 0.077598151	22.906127907	15.553126894	157.095359260	 0.000000000	         0.000204269	         0.000152496	         0.000356765
 20970	      -31000	 0.076900570	22.955183869	23.468249189	157.089461641	 0.000000000	         0.000228552	         0.000170926	         0.000399478
 20971	      -30000	 0.076487262	23.005260569	31.480229612	157.089523359	 0.000000000	         0.000257206	         0.000192697	         0.000449903
 20972	      -29000	 0.075902330	23.056244648	39.540608954	157.093202636	 0.000000000	         0.000289897	         0.000217563	         0.000507460
 20973	      -28000	 0.075595269	23.107801237	47.564478212	157.090094425	 0.000000000	         0.000324515	         0.000243929	         0.000568444
 20974	      -27000	 0.075350067	23.159537581	55.577029363	157.096713846	 0.000000000	         0.000364009	         0.000274035	         0.000638044
 20975	      -26000	 0.075234139	23.211862617	63.692760471	157.110269927	 0.000000000	         0.000408672	         0.000308114	         0.000716786
 20976	      -25000	 0.075264147	23.264376467	71.597343917	157.115525629	 0.000000000	         0.000452692	         0.000341739	         0.000794431
 20977	      -24000	 0.075386364	23.316994403	79.578954515	157.130811721	 0.000000000	         0.000501127	         0.000378762	         0.000879889
 20978	      -23000	 0.075664484	23.370248521	87.487799704	157.145991787	 0.000000000	         0.000550014	         0.000416158	         0.000966172
 20979	      -22000	 0.075904585	23.423836015	95.314103165	157.166558630	 0.000000000	         0.000599106	         0.000453531	         0.001052637
 20980	      -21000	 0.076213925	23.477962509	103.033806906	157.209849018	 0.000000000	         0.000652749	         0.000494092	         0.001146841
 20981	      -20000	 0.076713896	23.533051402	110.676182490	157.245562134	 0.000000000	         0.000700758	         0.000530210	         0.001230968
 20982	      -19000	 0.077230707	23.588964380	118.452530545	157.279488429	 0.000000000	         0.000742942	         0.000561735	         0.001304676
 20983	      -18000	 0.077641295	23.646252412	125.960268988	157.346164919	 0.000000000	         0.000783002	         0.000591437	         0.001374439
 20984	      -17000	 0.078233217	23.705011777	133.450221427	157.599025188	 0.000000000	         0.000900675	         0.000680452	         0.001581127
 20985	      -16000	 0.079013665	23.765397277	140.960763547	157.533361917	 0.000000000	         0.000867805	         0.000654198	         0.001522003
 20986	      -15000	 0.079622813	23.828158458	148.371787505	157.643929661	 0.000000000	         0.000906779	         0.000682760	         0.001589539
 20987	      -14000	 0.080432836	23.893156113	155.665201935	157.772418937	 0.000000000	         0.000945057	         0.000710405	         0.001655462
 20988	      -13000	 0.081318133	23.960901417	162.914934246	157.932692430	 0.000000000	         0.000986542	         0.000740148	         0.001726690
 20989	      -12000	 0.082179039	24.031878352	170.097559659	158.112535534	 0.000000000	         0.001023118	         0.000765719	         0.001788837
 20990	      -11000	 0.083078657	24.105961246	177.133908653	158.457605092	 0.000000000	         0.001125673	         0.000841347	         0.001967019
 20991	      -10000	 0.084058613	24.183811399	-175.917851386	158.684096983	 0.000000000	         0.001157582	         0.000862438	         0.002020020
 20992	       -9000	 0.085022293	24.265555248	-168.930289777	158.793971523	 0.000000000	         0.001115648	         0.000826793	         0.001942441
 20993	       -8000	 0.085893190	24.351202710	-162.124041770	159.084878574	 0.000000000	         0.001144476	         0.000844830	         0.001989306
 20994	       -7000	 0.086789046	24.441161342	-155.329110324	159.412519778	 0.000000000	         0.001175379	         0.000864179	         0.002039558
 20995	       -6000	 0.087816822	24.535253348	-148.611102880	159.761148655	 0.000000000	         0.001203847	         0.000881341	         0.002085188
 20996	       -5000	 0.088700617	24.633724519	-141.855828162	160.132291187	 0.000000000	         0.001228208	         0.000895165	         0.002123374
 20997	       -4000	 0.089582487	24.736458153	-135.201045521	160.528005317	 0.000000000	         0.001254996	         0.000910652	         0.002165648
 20998	       -3000	 0.090497330	24.843270758	-128.653555394	160.942005351	 0.000000000	         0.001284054	         0.000927565	         0.002211619
 20999	       -2000	 0.091571466	24.954662590	-121.964549131	161.378251077	 0.000000000	         0.001313865	         0.000944937	         0.002258802
 21000	       -1000	 0.092413567	25.070009643	-115.454439254	161.812418929	 0.000000000	         0.001347788	         0.000965174	         0.002312962
 21001	           0	 0.093315101	25.189417000	-108.955069177	162.262251285	 0.000000000	         0.001390703	         0.000991942	         0.002382646
