LaskarTimestep	time_years	ecc	obl	Lsp	Tsurf	SF12	ForcedConv	FreeConv	TotalSubl
 20501	     -500000	 0.053483653	32.703763755	-67.814367410	172.485366387	 0.990943818	         0.029060630	         0.020529676	         0.049590305
 20502	     -499000	 0.053288153	32.488620538	-59.367825181	172.190269675	 0.969175883	         0.027875580	         0.019677704	         0.047553283
 20503	     -498000	 0.053377802	32.256228450	-50.865905620	171.847566544	 0.945816896	         0.026770371	         0.018892599	         0.045662970
 20504	     -497000	 0.053647700	32.006039467	-42.223229794	171.457123186	 0.920865377	         0.025765562	         0.018186242	         0.043951804
 20505	     -496000	 0.054047376	31.738155109	-33.689989970	171.016287844	 0.894395368	         0.024781812	         0.017498741	         0.042280554
 20506	     -495000	 0.054631131	31.454701396	-25.262552658	170.531275730	 0.866687915	         0.023788386	         0.016805882	         0.040594268
 20507	     -494000	 0.055503104	31.154095440	-16.914646569	170.006964096	 0.837668777	         0.022753686	         0.016081591	         0.038835277
 20508	     -493000	 0.056285559	30.837897089	-8.625617696	169.439373442	 0.807579432	         0.021683602	         0.015330051	         0.037013653
 20509	     -492000	 0.057273798	30.508467070	-0.601773950	168.848717555	 0.776737083	         0.020535042	         0.014521062	         0.035056104
 20510	     -491000	 0.058303969	30.164542217	 7.329286080	168.225800257	 0.745122200	         0.019293069	         0.013638964	         0.032932033
 20511	     -490000	 0.059484652	29.808813997	15.267923373	167.577088659	 0.713084746	         0.017989180	         0.012709057	         0.030698238
 20512	     -489000	 0.060538153	29.442650094	23.011034297	166.911277273	 0.680845087	         0.016592259	         0.011709832	         0.028302091
 20513	     -488000	 0.061639490	29.066784175	30.704745155	166.222832496	 0.648562600	         0.015113795	         0.010648711	         0.025762505
 20514	     -487000	 0.062886122	28.683922654	38.224408913	165.516837466	 0.616555387	         0.013559201	         0.009533145	         0.023092347
 20515	     -486000	 0.064104852	28.293832465	45.936134667	164.788457975	 0.584881533	         0.011987419	         0.008406047	         0.020393466
 20516	     -485000	 0.065275801	27.899601971	53.414207966	164.047728565	 0.553879489	         0.010379610	         0.007253070	         0.017632679
 20517	     -484000	 0.066523121	27.502929228	60.816856720	163.298224093	 0.524166626	         0.008809441	         0.006132600	         0.014942041
 20518	     -483000	 0.067980414	27.102757701	68.326978207	162.526937810	 0.495806525	         0.007300354	         0.005059169	         0.012359523
 20519	     -482000	 0.069279862	26.702831910	75.589135537	161.753259155	 0.468996870	         0.005877664	         0.004052370	         0.009930034
 20520	     -481000	 0.070766927	26.303573924	82.822812481	160.849002325	 0.443678071	         0.004379472	         0.002987913	         0.007367385
 20521	     -480000	 0.072297673	25.904594183	90.011690551	160.034358074	 0.419742342	         0.003250684	         0.002198795	         0.005449479
 20522	     -479000	 0.073750478	25.509120825	97.135510913	159.202529237	 0.397291494	         0.002289570	         0.001527716	         0.003817286
 20523	     -478000	 0.075291017	25.116205047	104.020098171	158.346917795	 0.376175188	         0.001504034	         0.000983057	         0.002487091
 20524	     -477000	 0.076898065	24.726864180	110.918557181	157.454793192	 0.356358263	         0.000894769	         0.000562835	         0.001457604
 20525	     -476000	 0.078610144	24.343391493	117.769152026	156.511296495	 0.337860766	         0.000458104	         0.000266981	         0.000725086
 20526	     -475000	 0.080147059	23.964548390	124.453057477	155.505047323	 0.320529619	         0.000181413	         0.000089118	         0.000270531
 20527	     -474000	 0.081736300	23.592875073	131.020021714	154.399628218	 0.304390706	         0.000043067	         0.000013377	         0.000056444
 20528	     -473000	 0.083438263	23.229283684	137.468539094	153.106710476	 0.289389315	         0.000002346	         0.000000030	         0.000002377
 20529	     -472000	 0.085024744	22.873732872	143.925470048	151.193133997	 0.275434907	         0.000000000	         0.000000000	         0.000000000
 20530	     -471000	 0.086547933	22.529770671	150.195334867	149.334818393	 0.262576005	         0.000000000	         0.000000000	         0.000000000
 20531	     -470000	 0.088039061	22.197244271	156.361051185	149.333371200	 0.250715646	         0.000000000	         0.000000000	         0.000000000
 20532	     -469000	 0.089502226	21.877494687	162.561079922	149.331346378	 0.239816542	         0.000000000	         0.000000000	         0.000000000
 20533	     -468000	 0.090729618	21.573982193	168.627502878	149.328751849	 0.229909553	         0.000000000	         0.000000000	         0.000000000
 20534	     -467000	 0.091988770	21.286308398	174.612217699	149.325741123	 0.220897618	         0.000000000	         0.000000000	         0.000000000
 20535	     -466000	 0.093237521	21.016546235	-179.294602679	149.322198882	 0.212768003	         0.000000000	         0.000000000	         0.000000000
 20536	     -465000	 0.094204887	20.766837482	-173.280920725	149.318177726	 0.205509625	         0.000000000	         0.000000000	         0.000000000
 20537	     -464000	 0.095244397	20.537205881	-167.314968424	149.313830611	 0.199053588	         0.000000000	         0.000000000	         0.000000000
 20538	     -463000	 0.096312874	20.329546983	-161.363161225	149.309139337	 0.193390119	         0.000000000	         0.000000000	         0.000000000
 20539	     -462000	 0.097278858	20.143863604	-155.323193101	149.304005772	 0.188462585	         0.000000000	         0.000000000	         0.000000000
 20540	     -461000	 0.098254956	19.980760304	-149.424423734	149.298693600	 0.184237952	         0.000000000	         0.000000000	         0.000000000
 20541	     -460000	 0.099104240	19.841112321	-143.506292126	149.293072752	 0.180696183	         0.000000000	         0.000000000	         0.000000000
 20542	     -459000	 0.100206210	19.723633083	-137.617000694	149.287257376	 0.177769445	         0.000000000	         0.000000000	         0.000000000
 20543	     -458000	 0.101029490	19.628903216	-131.780502330	149.281272010	 0.175444018	         0.000000000	         0.000000000	         0.000000000
 20544	     -457000	 0.101843791	19.556180600	-125.984251201	149.275173829	 0.173679485	         0.000000000	         0.000000000	         0.000000000
 20545	     -456000	 0.102644204	19.504268931	-120.267447087	149.269052088	 0.172430773	         0.000000000	         0.000000000	         0.000000000
 20546	     -455000	 0.103279566	19.473503825	-114.469057938	149.262815731	 0.171694973	         0.000000000	         0.000000000	         0.000000000
 20547	     -454000	 0.103740329	19.461807786	-108.793202614	149.256766618	 0.171416067	         0.000000000	         0.000000000	         0.000000000
 20548	     -453000	 0.104099069	19.468549107	-103.074824993	149.250800193	 0.171576767	         0.000000000	         0.000000000	         0.000000000
 20549	     -452000	 0.104512313	19.493756510	-97.261009048	149.244896924	 0.172178997	         0.000000000	         0.000000000	         0.000000000
 20550	     -451000	 0.104488019	19.535143430	-91.476132378	149.239448277	 0.173172360	         0.000000000	         0.000000000	         0.000000000
 20551	     -450000	 0.104580432	19.592772102	-85.643813392	149.234273458	 0.174565108	         0.000000000	         0.000000000	         0.000000000
 20552	     -449000	 0.104597861	19.666035783	-79.761277806	149.229534962	 0.176351900	         0.000000000	         0.000000000	         0.000000000
 20553	     -448000	 0.104415746	19.753339038	-73.738059487	149.225341413	 0.178504995	         0.000000000	         0.000000000	         0.000000000
 20554	     -447000	 0.104213875	19.855322745	-67.798218820	149.221849554	 0.181053455	         0.000000000	         0.000000000	         0.000000000
 20555	     -446000	 0.103913767	19.970649858	-61.716485987	149.219050420	 0.183979215	         0.000000000	         0.000000000	         0.000000000
 20556	     -445000	 0.103632189	20.098451812	-55.561593016	149.217004760	 0.187276711	         0.000000000	         0.000000000	         0.000000000
 20557	     -444000	 0.103142396	20.239479855	-49.397543857	149.215954415	 0.190984096	         0.000000000	         0.000000000	         0.000000000
 20558	     -443000	 0.102594499	20.392340109	-43.180589867	149.215838501	 0.195085463	         0.000000000	         0.000000000	         0.000000000
 20559	     -442000	 0.102094276	20.556316961	-36.906770136	149.216620932	 0.199583065	         0.000000000	         0.000000000	         0.000000000
 20560	     -441000	 0.101418020	20.731396369	-30.501263454	149.218501705	 0.204499709	         0.000000000	         0.000000000	         0.000000000
 20561	     -440000	 0.100612810	20.916451762	-24.131887082	149.221401757	 0.209828232	         0.000000000	         0.000000000	         0.000000000
 20562	     -439000	 0.099801682	21.110735354	-17.707785438	149.225222180	 0.215571938	         0.000000000	         0.000000000	         0.000000000
 20563	     -438000	 0.098991063	21.313165946	-11.120461420	149.229990025	 0.221723814	         0.000000000	         0.000000000	         0.000000000
 20564	     -437000	 0.097988888	21.522641323	-4.589955745	149.235596741	 0.228274671	         0.000000000	         0.000000000	         0.000000000
 20565	     -436000	 0.097012296	21.738411815	 1.999400543	149.241886237	 0.235224812	         0.000000000	         0.000000000	         0.000000000
 20566	     -435000	 0.096112405	21.959199964	 8.708213249	149.248797557	 0.242555671	         0.000000000	         0.000000000	         0.000000000
 20567	     -434000	 0.094871947	22.183936174	15.425421999	149.256248686	 0.250252295	         0.000000000	         0.000000000	         0.000000000
 20568	     -433000	 0.093717211	22.411455413	22.149081502	149.263910846	 0.258293042	         0.000000000	         0.000000000	         0.000000000
 20569	     -432000	 0.092570945	22.641216795	28.915953590	151.722014005	 0.266675241	         0.000000000	         0.000000000	         0.000000000
 20570	     -431000	 0.091280719	22.872575902	35.851098345	152.967954433	 0.275390616	         0.000000000	         0.000000000	         0.000000000
 20571	     -430000	 0.089880819	23.104270285	42.752121722	153.846863884	 0.284404076	         0.000000000	         0.000000000	         0.000000000
 20572	     -429000	 0.088407314	23.336253064	49.761852521	154.557424520	 0.293724319	         0.000000000	         0.000000000	         0.000000000
 20573	     -428000	 0.087055942	23.568404303	56.828114803	155.176436364	 0.303357099	         0.000000020	         0.000000000	         0.000000020
 20574	     -427000	 0.085523656	23.800273683	64.050375750	155.726700819	 0.313293516	         0.000046621	         0.000006470	         0.000053090
 20575	     -426000	 0.084054184	24.031816180	71.371111583	156.235526225	 0.323540697	         0.000162013	         0.000064871	         0.000226884
 20576	     -425000	 0.082640209	24.262875673	78.704281287	156.709878700	 0.334100611	         0.000338389	         0.000179623	         0.000518012
 20577	     -424000	 0.081254428	24.494013611	86.283114421	157.159678277	 0.345008947	         0.000580710	         0.000344311	         0.000925021
 20578	     -423000	 0.079854296	24.725194202	93.752355689	157.594989304	 0.356275552	         0.000887305	         0.000556445	         0.001443750
 20579	     -422000	 0.078553475	24.955606627	101.346534410	158.015529870	 0.367870797	         0.001257191	         0.000813127	         0.002070318
 20580	     -421000	 0.077463566	25.186350218	109.066419876	158.427660041	 0.379860903	         0.001687991	         0.001112334	         0.002800325
 20581	     -420000	 0.076046534	25.417401988	116.810454550	158.830258778	 0.392258608	         0.002140200	         0.001424675	         0.003564876
 20582	     -419000	 0.074886169	25.647626042	124.541382536	159.241379882	 0.405014342	         0.002627268	         0.001760683	         0.004387951
 20583	     -418000	 0.073764864	25.877504820	132.342403219	159.792291481	 0.418164807	         0.003322449	         0.002248974	         0.005571423
 20584	     -417000	 0.072698089	26.106626624	140.330293506	160.090585592	 0.431696830	         0.003669111	         0.002480366	         0.006149478
 20585	     -416000	 0.071481174	26.334548067	148.230073918	160.649309128	 0.445592404	         0.004374340	         0.002973287	         0.007347626
 20586	     -415000	 0.070438602	26.560782398	156.299431877	161.087161633	 0.459827405	         0.004858043	         0.003302047	         0.008160089
 20587	     -414000	 0.069487040	26.784373933	164.407454804	161.539437720	 0.474342880	         0.005300395	         0.003599638	         0.008900033
 20588	     -413000	 0.068557237	27.005600883	172.584617908	162.012034727	 0.489155768	         0.005692595	         0.003859683	         0.009552278
 20589	     -412000	 0.067751789	27.223425841	-179.159080626	162.495650192	 0.504192758	         0.006015096	         0.004069954	         0.010085050
 20590	     -411000	 0.067111113	27.436839030	-170.906675002	162.993987036	 0.519373400	         0.006275399	         0.004233253	         0.010508652
 20591	     -410000	 0.066482115	27.646315655	-162.509726288	163.419732776	 0.534718444	         0.006325825	         0.004244424	         0.010570249
 20592	     -409000	 0.065904691	27.850601462	-154.211828413	163.945683092	 0.550119795	         0.006494559	         0.004345027	         0.010839587
 20593	     -408000	 0.065517944	28.049456228	-145.949687243	164.467627505	 0.565532271	         0.006623145	         0.004417737	         0.011040882
 20594	     -407000	 0.065332851	28.243228828	-137.516629651	164.988577515	 0.580843370	         0.006712124	         0.004463955	         0.011176079
 20595	     -406000	 0.064967014	28.430711575	-129.093539419	165.497403885	 0.595886209	         0.006792522	         0.004505825	         0.011298347
 20596	     -405000	 0.064812231	28.612340545	-120.827735272	165.988635714	 0.610671516	         0.006892767	         0.004563385	         0.011456153
 20597	     -404000	 0.064847606	28.788137444	-112.516470610	166.459234021	 0.625178525	         0.007007331	         0.004632698	         0.011640029
 20598	     -403000	 0.064893803	28.957411961	-104.127488074	166.903962053	 0.639327602	         0.007162941	         0.004732721	         0.011895662
 20599	     -402000	 0.065050817	29.120604728	-95.852665171	167.398434421	 0.653133553	         0.007510213	         0.004973173	         0.012483386
 20600	     -401000	 0.065326528	29.277183504	-87.650634931	167.690297518	 0.666530305	         0.007680519	         0.005083473	         0.012763992
 20601	     -400000	 0.065761510	29.427107531	-79.415707434	168.026855334	 0.679493653	         0.008063698	         0.005349199	         0.013412897
 20602	     -399000	 0.066134286	29.570418567	-71.395309280	168.396832220	 0.692007688	         0.008706147	         0.005805106	         0.014511253
 20603	     -398000	 0.066677957	29.705890532	-63.372382483	168.642573123	 0.703945614	         0.009332102	         0.006248113	         0.015580216
 20604	     -397000	 0.067321109	29.833968797	-55.517321169	168.838910800	 0.715327396	         0.010081411	         0.006781414	         0.016862824
 20605	     -396000	 0.067841888	29.954156486	-47.623770726	168.989051963	 0.726091007	         0.011006794	         0.007446219	         0.018453013
 20606	     -395000	 0.068446604	30.064871194	-39.894880808	169.087790690	 0.736076306	         0.012065858	         0.008212784	         0.020278642
 20607	     -394000	 0.069056594	30.166494758	-32.261133437	169.071266574	 0.745299939	         0.013100093	         0.008960766	         0.022060859
 20608	     -393000	 0.069830315	30.258005064	-24.580012009	169.163213848	 0.753652707	         0.014697468	         0.010141191	         0.024838659
 20609	     -392000	 0.070364828	30.338292323	-16.949489692	169.135733519	 0.761017296	         0.016283895	         0.011319973	         0.027603868
 20610	     -391000	 0.071069537	30.407452813	-9.422837673	169.070206787	 0.767388065	         0.017994836	         0.012605952	         0.030600788
 20611	     -390000	 0.071974637	30.464168161	-1.989558957	168.979674270	 0.772630764	         0.019856131	         0.014022847	         0.033878979
 20612	     -389000	 0.072694139	30.508252531	 5.597531740	168.858011622	 0.776717173	         0.021914547	         0.015607353	         0.037521900
 20613	     -388000	 0.073599872	30.539450689	12.910982524	168.719838633	 0.779615021	         0.024032912	         0.017259851	         0.041292763
 20614	     -387000	 0.074543853	30.556607757	20.224631820	168.556672498	 0.781210744	         0.026222996	         0.018992406	         0.045215401
 20615	     -386000	 0.075566540	30.560587332	27.486301600	168.375013298	 0.781581081	         0.028444402	         0.020774430	         0.049218831
 20616	     -385000	 0.076485975	30.550826221	34.596577097	168.178728258	 0.780672857	         0.030581587	         0.022514347	         0.053095934
 20617	     -384000	 0.077541059	30.526875215	41.661964832	167.962935494	 0.778446356	         0.032603003	         0.024181830	         0.056784833
 20618	     -383000	 0.078573765	30.489771046	48.661430888	167.736184248	 0.775002830	         0.034438492	         0.025721592	         0.060160084
 20619	     -382000	 0.079500041	30.438760556	55.635630547	167.502693742	 0.770280085	         0.036029891	         0.027074279	         0.063104170
 20620	     -381000	 0.080402545	30.374413693	62.482195433	167.257600239	 0.764341565	         0.037227138	         0.028111655	         0.065338793
 20621	     -380000	 0.081375338	30.297212191	69.296712439	167.010215018	 0.757244895	         0.038113058	         0.028895527	         0.067008585
 20622	     -379000	 0.082284373	30.206346938	76.185991488	166.751468637	 0.748932076	         0.038537981	         0.029294659	         0.067832640
 20623	     -378000	 0.083049984	30.103098249	82.990154027	166.496570625	 0.739539400	         0.038482174	         0.029286231	         0.067768404
 20624	     -377000	 0.083857725	29.987064110	89.737708666	166.219788843	 0.729051958	         0.037883254	         0.028820621	         0.066703875
 20625	     -376000	 0.084810534	29.857578588	96.491010331	165.884687962	 0.717435506	         0.036307845	         0.027527168	         0.063835013
 20626	     -375000	 0.085547898	29.716190947	103.293678277	165.615018730	 0.704857560	         0.034769004	         0.026271274	         0.061040278
 20627	     -374000	 0.086310245	29.561732534	109.980901135	165.431156827	 0.691245843	         0.033456412	         0.025205967	         0.058662379
 20628	     -373000	 0.087220885	29.394130740	116.615450043	165.155077626	 0.676630969	         0.031164087	         0.023335473	         0.054499560
 20629	     -372000	 0.087896304	29.214470266	123.340123235	164.877852498	 0.661147074	         0.028527445	         0.021199105	         0.049726550
 20630	     -371000	 0.088614506	29.021319542	129.933008314	164.598818023	 0.644714925	         0.025760803	         0.018986094	         0.044746898
 20631	     -370000	 0.089361930	28.815628023	136.537886158	164.314118270	 0.627464400	         0.022923303	         0.016745991	         0.039669294
 20632	     -369000	 0.090081311	28.597684364	143.171191562	164.024008478	 0.609470760	         0.020076318	         0.014528326	         0.034604644
 20633	     -368000	 0.090634649	28.366654751	149.716933363	163.718025275	 0.590721408	         0.017247747	         0.012354501	         0.029602249
 20634	     -367000	 0.091311248	28.124317198	156.301421281	163.408846729	 0.571418823	         0.014607911	         0.010355475	         0.024963386
 20635	     -366000	 0.092003515	27.870318059	162.767453622	163.079870910	 0.551629525	         0.012143930	         0.008519627	         0.020663557
 20636	     -365000	 0.092570801	27.604992693	169.371806482	162.733326883	 0.531655883	         0.009853830	         0.006837964	         0.016691795
 20637	     -364000	 0.093119552	27.330446081	175.827157039	162.385664681	 0.511749099	         0.007876032	         0.005407981	         0.013284013
 20638	     -363000	 0.093640067	27.046354091	-177.781266293	162.013396952	 0.491934549	         0.006144570	         0.004171136	         0.010315705
 20639	     -362000	 0.094269015	26.754330361	-171.315876311	161.610833382	 0.472366128	         0.004651132	         0.003116624	         0.007767756
 20640	     -361000	 0.094618814	26.456094150	-164.938958484	161.239563540	 0.453184599	         0.003476690	         0.002297546	         0.005774236
 20641	     -360000	 0.094987851	26.151951376	-158.573095958	160.674690963	 0.434425166	         0.002369189	         0.001529179	         0.003898367
 20642	     -359000	 0.095369622	25.844145517	-152.287201787	160.209766612	 0.416230289	         0.001612128	         0.001012049	         0.002624177
 20643	     -358000	 0.095473227	25.533561207	-145.888910310	159.712635860	 0.398643473	         0.001024701	         0.000614739	         0.001639440
 20644	     -357000	 0.095574329	25.221545497	-139.631422876	159.179678173	 0.381723790	         0.000592696	         0.000327946	         0.000920642
 20645	     -356000	 0.095678737	24.909951733	-133.296845744	158.609067647	 0.365543669	         0.000285893	         0.000134614	         0.000420507
 20646	     -355000	 0.095681203	24.598901010	-126.900619621	157.996986114	 0.350075799	         0.000087797	         0.000028707	         0.000116504
 20647	     -354000	 0.095478796	24.290557143	-120.577278446	157.327977344	 0.335388614	         0.000005236	         0.000001367	         0.000006602
 20648	     -353000	 0.095458718	23.985774359	-114.221628093	156.604128710	 0.321476709	         0.000000011	         0.000000000	         0.000000011
 20649	     -352000	 0.095398327	23.684513463	-107.865729250	155.801937833	 0.308292754	         0.000000000	         0.000000000	         0.000000000
 20650	     -351000	 0.095240376	23.389076636	-101.504116105	154.905216117	 0.295888920	         0.000000000	         0.000000000	         0.000000000
 20651	     -350000	 0.095096122	23.099399909	-95.173340010	153.849078889	 0.284211604	         0.000000000	         0.000000000	         0.000000000
 20652	     -349000	 0.094999252	22.816321285	-88.960469101	152.463637094	 0.273245626	         0.000000000	         0.000000000	         0.000000000
 20653	     -348000	 0.094841717	22.541726797	-82.657752735	149.236619907	 0.263012743	         0.000000000	         0.000000000	         0.000000000
 20654	     -347000	 0.094512503	22.274971487	-76.439575247	149.232592715	 0.253439084	         0.000000000	         0.000000000	         0.000000000
 20655	     -346000	 0.094194371	22.018276072	-70.308865275	149.229214212	 0.244555636	         0.000000000	         0.000000000	         0.000000000
 20656	     -345000	 0.093922140	21.772953009	-64.118712122	149.226432703	 0.236356895	         0.000000000	         0.000000000	         0.000000000
 20657	     -344000	 0.093300355	21.538672378	-57.930101235	149.224595815	 0.228783907	         0.000000000	         0.000000000	         0.000000000
 20658	     -343000	 0.092740138	21.318387692	-51.778747605	149.223496168	 0.221884805	         0.000000000	         0.000000000	         0.000000000
 20659	     -342000	 0.092169739	21.112794739	-45.610535095	149.223187607	 0.215633655	         0.000000000	         0.000000000	         0.000000000
 20660	     -341000	 0.091377557	20.922768657	-39.328442599	149.223844155	 0.210012553	         0.000000000	         0.000000000	         0.000000000
 20661	     -340000	 0.090607702	20.750964575	-33.105355782	149.225298768	 0.205056702	         0.000000000	         0.000000000	         0.000000000
 20662	     -339000	 0.089785060	20.597291952	-26.824862298	149.227596853	 0.200723039	         0.000000000	         0.000000000	         0.000000000
 20663	     -338000	 0.089049690	20.463408482	-20.398322624	149.230669631	 0.197022166	         0.000000000	         0.000000000	         0.000000000
 20664	     -337000	 0.088048229	20.351022249	-14.044232772	149.234610460	 0.193968263	         0.000000000	         0.000000000	         0.000000000
 20665	     -336000	 0.087204422	20.259465468	-7.571065312	149.239185494	 0.191515388	         0.000000000	         0.000000000	         0.000000000
 20666	     -335000	 0.086352283	20.189926936	-1.136674931	149.244328372	 0.189673145	         0.000000000	         0.000000000	         0.000000000
 20667	     -334000	 0.085383380	20.142635458	 5.477337224	149.250163308	 0.188430415	         0.000000000	         0.000000000	         0.000000000
 20668	     -333000	 0.084411295	20.117211449	12.081443414	149.256380516	 0.187765689	         0.000000000	         0.000000000	         0.000000000
 20669	     -332000	 0.083401064	20.113433214	18.708944067	149.262899298	 0.187667105	         0.000000000	         0.000000000	         0.000000000
 20670	     -331000	 0.082572941	20.130037738	25.472619980	149.269661429	 0.188100747	         0.000000000	         0.000000000	         0.000000000
 20671	     -330000	 0.081443003	20.167200157	32.335478137	149.276606286	 0.189074909	         0.000000000	         0.000000000	         0.000000000
 20672	     -329000	 0.080500513	20.223389509	39.240100701	149.283469060	 0.190557427	         0.000000000	         0.000000000	         0.000000000
 20673	     -328000	 0.079634605	20.296732395	46.215668489	149.290194533	 0.192510031	         0.000000000	         0.000000000	         0.000000000
 20674	     -327000	 0.078577853	20.387222098	53.398058906	149.296758640	 0.194946728	         0.000000000	         0.000000000	         0.000000000
 20675	     -326000	 0.077702044	20.492955878	60.513165202	149.302836493	 0.197833017	         0.000000000	         0.000000000	         0.000000000
 20676	     -325000	 0.076874934	20.612533407	67.807439301	149.308538912	 0.201148734	         0.000000000	         0.000000000	         0.000000000
 20677	     -324000	 0.076026922	20.745428963	75.252809962	149.313707723	 0.204898982	         0.000000000	         0.000000000	         0.000000000
 20678	     -323000	 0.075078032	20.889668314	82.739643953	149.318130600	 0.209048515	         0.000000000	         0.000000000	         0.000000000
 20679	     -322000	 0.074308601	21.044950268	90.312211677	149.321902779	 0.213609706	         0.000000000	         0.000000000	         0.000000000
 20680	     -321000	 0.073626079	21.210308968	98.027457036	149.324970728	 0.218576355	         0.000000000	         0.000000000	         0.000000000
 20681	     -320000	 0.072921001	21.384036563	105.993114824	149.327257908	 0.223918812	         0.000000000	         0.000000000	         0.000000000
 20682	     -319000	 0.072286571	21.566437244	113.968884955	149.328708258	 0.229668562	         0.000000000	         0.000000000	         0.000000000
 20683	     -318000	 0.071782063	21.755805647	122.015917729	149.329390813	 0.235794213	         0.000000000	         0.000000000	         0.000000000
 20684	     -317000	 0.071469228	21.951345971	130.242333881	149.329356378	 0.242291016	         0.000000000	         0.000000000	         0.000000000
 20685	     -316000	 0.071218657	22.152891551	138.541792199	149.328523052	 0.249174732	         0.000000000	         0.000000000	         0.000000000
 20686	     -315000	 0.071131593	22.358069468	146.863863896	149.326981411	 0.256383435	         0.000000000	         0.000000000	         0.000000000
 20687	     -314000	 0.071302845	22.566777481	155.194778428	149.324815932	 0.263930162	         0.000000000	         0.000000000	         0.000000000
 20688	     -313000	 0.071340423	22.778135986	163.633579606	149.321809049	 0.271799147	         0.000000000	         0.000000000	         0.000000000
 20689	     -312000	 0.071574712	22.989331129	171.928930362	151.638126385	 0.279896387	         0.000000000	         0.000000000	         0.000000000
 20690	     -311000	 0.072007583	23.200444603	-179.819118955	152.807620874	 0.288231581	         0.000000000	         0.000000000	         0.000000000
 20691	     -310000	 0.072435633	23.410285427	-171.337237843	153.726447941	 0.296762494	         0.000000853	         0.000000000	         0.000000853
 20692	     -309000	 0.072815138	23.616440169	-163.052700210	154.520198390	 0.305389388	         0.000004638	         0.000000527	         0.000005166
 20693	     -308000	 0.073357752	23.818722798	-154.748857363	155.265760910	 0.314097965	         0.000010885	         0.000003034	         0.000013920
 20694	     -307000	 0.074042058	24.015747619	-146.486384403	155.967419062	 0.322818866	         0.000020116	         0.000005649	         0.000025765
 20695	     -306000	 0.074696154	24.206766854	-138.105292044	156.642460730	 0.331505053	         0.000030748	         0.000007966	         0.000038714
 20696	     -305000	 0.075557625	24.391201100	-129.823929953	157.300903498	 0.340113509	         0.000041923	         0.000009601	         0.000051524
 20697	     -304000	 0.076377067	24.567896569	-121.626986070	157.929653524	 0.348570353	         0.000051982	         0.000009694	         0.000061676
 20698	     -303000	 0.077451680	24.737473639	-113.380141953	158.539794721	 0.356884177	         0.000061337	         0.000008053	         0.000069389
 20699	     -302000	 0.078480766	24.899335336	-105.303738132	159.120716291	 0.365004642	         0.000071657	         0.000007996	         0.000079652
 20700	     -301000	 0.079630201	25.052921120	-97.282718187	159.671953942	 0.372880687	         0.000083752	         0.000012953	         0.000096705
 20701	     -300000	 0.080903243	25.199214132	-89.348119639	160.184558242	 0.380540733	         0.000103289	         0.000022500	         0.000125789
 20702	     -299000	 0.081999178	25.337839010	-81.409543892	160.658682167	 0.387944420	         0.000135999	         0.000038328	         0.000174327
 20703	     -298000	 0.083175234	25.468650731	-73.690182950	161.085172978	 0.395062868	         0.000182276	         0.000061190	         0.000243466
 20704	     -297000	 0.084359125	25.592347749	-66.029577308	161.460710842	 0.401914266	         0.000244122	         0.000094115	         0.000338236
 20705	     -296000	 0.085667785	25.708550321	-58.264456530	161.787960158	 0.408458760	         0.000325124	         0.000142039	         0.000467163
 20706	     -295000	 0.086664229	25.817485501	-50.699569976	162.053243433	 0.414690701	         0.000430557	         0.000208277	         0.000638834
 20707	     -294000	 0.087846039	25.919110591	-43.181819527	162.271435858	 0.420590145	         0.000561974	         0.000293615	         0.000855589
 20708	     -293000	 0.089044832	26.013157496	-35.710862504	162.434853543	 0.426124412	         0.000722000	         0.000400212	         0.001122212
 20709	     -292000	 0.090119097	26.100038179	-28.243035392	162.544652302	 0.431301666	         0.000916334	         0.000531507	         0.001447841
 20710	     -291000	 0.091281225	26.179124500	-20.941232881	162.611256101	 0.436069121	         0.001143262	         0.000686764	         0.001830026
 20711	     -290000	 0.092364043	26.250520815	-13.661842040	162.634488563	 0.440418254	         0.001408410	         0.000869447	         0.002277857
 20712	     -289000	 0.093427792	26.314615124	-6.410964304	162.618820339	 0.444359519	         0.001712742	         0.001080133	         0.002792874
 20713	     -288000	 0.094440530	26.370908672	 0.704580500	162.575129118	 0.447850184	         0.002056391	         0.001319671	         0.003376063
 20714	     -287000	 0.095354683	26.419936858	 7.739381168	162.511240526	 0.450912669	         0.002440368	         0.001590842	         0.004031210
 20715	     -286000	 0.096341535	26.462101023	14.778502088	162.422996695	 0.453563146	         0.002858463	         0.001887660	         0.004746123
 20716	     -285000	 0.097090557	26.497298816	21.797651190	162.316993720	 0.455787638	         0.003308376	         0.002208105	         0.005516481
 20717	     -284000	 0.097818075	26.526481003	28.676732487	162.200793859	 0.457640215	         0.003776852	         0.002544200	         0.006321052
 20718	     -283000	 0.098556954	26.549898790	35.504944491	162.074211722	 0.459132294	         0.004263450	         0.002893902	         0.007157352
 20719	     -282000	 0.099219108	26.567924135	42.440036648	161.936199726	 0.460284103	         0.004763964	         0.003255599	         0.008019563
 20720	     -281000	 0.099755963	26.581636015	49.212976555	161.796612880	 0.461162219	         0.005250404	         0.003609635	         0.008860039
 20721	     -280000	 0.100294624	26.591081442	55.921878912	161.662060014	 0.461768083	         0.005736684	         0.003964598	         0.009701282
 20722	     -279000	 0.100914162	26.596933314	62.698414615	161.625017178	 0.462143843	         0.006451952	         0.004496734	         0.010948686
 20723	     -278000	 0.101266408	26.599884661	69.343949588	161.383957192	 0.462333470	         0.006608025	         0.004604542	         0.011212567
 20724	     -277000	 0.101672351	26.599985363	75.957946959	161.361025914	 0.462339942	         0.007271662	         0.005101021	         0.012372683
 20725	     -276000	 0.102092817	26.597920752	82.496887004	161.239689332	 0.462207278	         0.007604792	         0.005350599	         0.012955391
 20726	     -275000	 0.102279340	26.593967959	89.067544626	161.124844269	 0.461953393	         0.007860756	         0.005538472	         0.013399228
 20727	     -274000	 0.102499611	26.588266270	95.512695399	161.026038360	 0.461587424	         0.008056944	         0.005685474	         0.013742417
 20728	     -273000	 0.102528135	26.581350400	101.965558904	160.922094360	 0.461143911	         0.008148356	         0.005753130	         0.013901486
 20729	     -272000	 0.102638078	26.573195321	108.422531329	160.739278080	 0.460621475	         0.007836560	         0.005509263	         0.013345823
 20730	     -271000	 0.102473106	26.564087181	114.838346049	160.774391658	 0.460038682	         0.008051410	         0.005674090	         0.013725500
 20731	     -270000	 0.102354550	26.554255164	121.253168846	160.727034817	 0.459410400	         0.007893034	         0.005555464	         0.013448498
 20732	     -269000	 0.102296248	26.543607091	127.609299467	160.672482910	 0.458730937	         0.007627485	         0.005353910	         0.012981394
 20733	     -268000	 0.102037441	26.532518769	134.094495346	160.651634868	 0.458024451	         0.007344407	         0.005143040	         0.012487448
 20734	     -267000	 0.101773466	26.520840546	140.399582108	160.629844847	 0.457281555	         0.006990166	         0.004876789	         0.011866955
 20735	     -266000	 0.101483838	26.508664689	146.712390923	160.626877706	 0.456508286	         0.006616992	         0.004597680	         0.011214672
 20736	     -265000	 0.101260566	26.496190185	153.120811776	160.637291053	 0.455717407	         0.006215050	         0.004299287	         0.010514336
 20737	     -264000	 0.100774896	26.483131370	159.399299417	160.658474061	 0.454890950	         0.005776103	         0.003975018	         0.009751121
 20738	     -263000	 0.100357253	26.469649072	165.672694153	160.704654529	 0.454039265	         0.005352728	         0.003662896	         0.009015624
 20739	     -262000	 0.099913047	26.455669016	171.973360935	160.756708300	 0.453157820	         0.004903798	         0.003334343	         0.008238141
 20740	     -261000	 0.099306396	26.440969158	178.286988099	160.829032024	 0.452232837	         0.004460818	         0.003011386	         0.007472204
 20741	     -260000	 0.098684159	26.425632013	-175.482433393	160.940109805	 0.451269765	         0.004067440	         0.002726313	         0.006793752
 20742	     -259000	 0.098000006	26.409433762	-169.185655810	161.039427728	 0.450254849	         0.003644059	         0.002421343	         0.006065401
 20743	     -258000	 0.097239175	26.392335359	-162.822195829	161.030204784	 0.449186008	         0.003112710	         0.002040896	         0.005153606
 20744	     -257000	 0.096463176	26.374245346	-156.512997135	161.156454016	 0.448057944	         0.002760360	         0.001791411	         0.004551771
 20745	     -256000	 0.095611291	26.354847716	-150.189586488	161.289838268	 0.446851485	         0.002433838	         0.001561185	         0.003995023
 20746	     -255000	 0.094905072	26.334264963	-143.802229612	161.430157607	 0.445574869	         0.002133967	         0.001351519	         0.003485486
 20747	     -254000	 0.093973777	26.312121915	-137.376640101	161.570569762	 0.444205550	         0.001858671	         0.001160211	         0.003018883
 20748	     -253000	 0.093064129	26.288292216	-131.032088052	161.705600331	 0.442736630	         0.001615153	         0.000991817	         0.002606970
 20749	     -252000	 0.092270861	26.262756341	-124.693317508	161.833830468	 0.441167927	         0.001397638	         0.000842959	         0.002240597
 20750	     -251000	 0.091319608	26.234987488	-118.200660637	161.955734745	 0.439468359	         0.001203879	         0.000710732	         0.001914612
 20751	     -250000	 0.090287261	26.205101319	-111.797498010	162.059066687	 0.437646516	         0.001038167	         0.000598475	         0.001636642
 20752	     -249000	 0.089277888	26.172698150	-105.413547627	162.145768510	 0.435679771	         0.000897244	         0.000503755	         0.001400999
 20753	     -248000	 0.088256798	26.137283786	-98.874069580	162.215856396	 0.433540365	         0.000776541	         0.000423169	         0.001199710
 20754	     -247000	 0.087061563	26.099049544	-92.388261084	162.251906788	 0.431242400	         0.000678596	         0.000358056	         0.001036652
 20755	     -246000	 0.085937024	26.057439325	-85.807785548	162.263779031	 0.428755371	         0.000598301	         0.000305243	         0.000903544
 20756	     -245000	 0.084837261	26.012087405	-79.205416717	162.249925521	 0.426061034	         0.000537005	         0.000266628	         0.000803633
 20757	     -244000	 0.083570284	25.963060743	-72.432099440	162.196403187	 0.423167424	         0.000492868	         0.000242710	         0.000735579
 20758	     -243000	 0.082473098	25.909767900	-65.770256756	162.114792908	 0.420044307	         0.000466242	         0.000227927	         0.000694169
 20759	     -242000	 0.081257461	25.852258478	-59.000409889	161.996337654	 0.416699937	         0.000452011	         0.000220425	         0.000672436
 20760	     -241000	 0.080212915	25.790305687	-52.102418923	161.851823390	 0.413126958	         0.000445877	         0.000217742	         0.000663619
 20761	     -240000	 0.078985752	25.723396119	-45.225849260	161.669149091	 0.409302512	         0.000445650	         0.000218698	         0.000664348
 20762	     -239000	 0.077809760	25.652017403	-38.305855899	161.458465077	 0.405261638	         0.000448443	         0.000221616	         0.000670058
 20763	     -238000	 0.076746489	25.575793674	-31.354512297	161.219645088	 0.400990518	         0.000450891	         0.000224425	         0.000675316
 20764	     -237000	 0.075574847	25.494512236	-24.181605469	160.953520710	 0.396485575	         0.000455530	         0.000228650	         0.000684180
 20765	     -236000	 0.074357476	25.408542225	-17.128978698	160.663922345	 0.391775836	         0.000455984	         0.000230163	         0.000686147
 20766	     -235000	 0.073234805	25.317848233	-9.946566947	160.354572852	 0.386867928	         0.000453276	         0.000229659	         0.000682936
 20767	     -234000	 0.072168182	25.222592556	-2.545388764	160.027008075	 0.381779350	         0.000447718	         0.000227061	         0.000674780
 20768	     -233000	 0.070952499	25.122773472	 4.818408780	159.692938421	 0.376518797	         0.000438939	         0.000222379	         0.000661318
 20769	     -232000	 0.069936016	25.018740658	12.301997103	159.348625522	 0.371113302	         0.000425565	         0.000214314	         0.000639880
 20770	     -231000	 0.068973301	24.911019289	19.959323455	158.990457926	 0.365597917	         0.000405920	         0.000202697	         0.000608616
 20771	     -230000	 0.067997009	24.799561091	27.664641583	158.631391906	 0.359977472	         0.000381442	         0.000188420	         0.000569862
 20772	     -229000	 0.067151105	24.684901400	35.390531236	158.261557134	 0.354285737	         0.000347990	         0.000168889	         0.000516879
 20773	     -228000	 0.066404574	24.567622096	43.214197110	157.888319783	 0.348557054	         0.000310437	         0.000146476	         0.000456912
 20774	     -227000	 0.065653857	24.447706677	51.243808581	157.503662272	 0.342795373	         0.000267911	         0.000121198	         0.000389109
 20775	     -226000	 0.064951709	24.325966181	59.206724666	157.114552145	 0.337043418	         0.000221759	         0.000094526	         0.000316285
 20776	     -225000	 0.064316222	24.202554775	67.232864090	156.720678517	 0.331311021	         0.000175943	         0.000069171	         0.000245114
 20777	     -224000	 0.063895073	24.077650183	75.403386954	156.318205527	 0.325608531	         0.000132822	         0.000046590	         0.000179412
 20778	     -223000	 0.063424803	23.952189204	83.740377449	155.908702507	 0.319979445	         0.000093665	         0.000027995	         0.000121659
 20779	     -222000	 0.063026532	23.826103948	92.021320640	155.491622540	 0.314420389	         0.000060229	         0.000014697	         0.000074927
 20780	     -221000	 0.062815824	23.699807263	100.345313738	155.062276914	 0.308948831	         0.000034328	         0.000006928	         0.000041257
 20781	     -220000	 0.062794824	23.573951502	108.899672022	154.615315718	 0.303591096	         0.000016677	         0.000002432	         0.000019109
 20782	     -219000	 0.062824091	23.448913282	117.361595541	154.158436879	 0.298360177	         0.000006731	         0.000000259	         0.000006990
 20783	     -218000	 0.063038376	23.325311978	125.783973139	153.651698850	 0.293277959	         0.000001761	         0.000000000	         0.000001761
 20784	     -217000	 0.063548061	23.203501937	134.368671742	153.093777763	 0.288354097	         0.000000020	         0.000000000	         0.000000020
 20785	     -216000	 0.063922666	23.084272426	142.734028062	152.478154873	 0.283614615	         0.000000000	         0.000000000	         0.000000000
 20786	     -215000	 0.064617805	22.968865474	151.067261629	151.730124187	 0.279101289	         0.000000000	         0.000000000	         0.000000000
 20787	     -214000	 0.065394522	22.857430117	159.352650667	150.293353938	 0.274811455	         0.000000000	         0.000000000	         0.000000000
 20788	     -213000	 0.066235999	22.750743597	167.744935617	149.317631496	 0.270766228	         0.000000000	         0.000000000	         0.000000000
 20789	     -212000	 0.067152140	22.650412830	175.864595794	149.314446213	 0.267016337	         0.000000000	         0.000000000	         0.000000000
 20790	     -211000	 0.068139249	22.556723721	-175.963985569	149.310654545	 0.263561584	         0.000000000	         0.000000000	         0.000000000
 20791	     -210000	 0.069443814	22.470342526	-167.940219215	149.306479895	 0.260415927	         0.000000000	         0.000000000	         0.000000000
 20792	     -209000	 0.070617138	22.392214097	-159.815565426	149.301663321	 0.257603149	         0.000000000	         0.000000000	         0.000000000
 20793	     -208000	 0.071985370	22.322864136	-151.888184450	149.296533765	 0.255131877	         0.000000000	         0.000000000	         0.000000000
 20794	     -207000	 0.073458104	22.262747901	-144.068381244	149.291053760	 0.253008837	         0.000000000	         0.000000000	         0.000000000
 20795	     -206000	 0.075120855	22.212035729	-136.251320771	149.285189345	 0.251231651	         0.000000000	         0.000000000	         0.000000000
 20796	     -205000	 0.076737766	22.170958981	-128.643093562	149.279141887	 0.249801289	         0.000000000	         0.000000000	         0.000000000
 20797	     -204000	 0.078482218	22.139849133	-121.130412554	149.272894676	 0.248723413	         0.000000000	         0.000000000	         0.000000000
 20798	     -203000	 0.080369184	22.118414728	-113.637767311	149.266442670	 0.247983474	         0.000000000	         0.000000000	         0.000000000
 20799	     -202000	 0.082010663	22.106386947	-106.283407002	149.260057603	 0.247569226	         0.000000000	         0.000000000	         0.000000000
 20800	     -201000	 0.083790603	22.103921105	-99.101902423	149.253789454	 0.247484386	         0.000000000	         0.000000000	         0.000000000
 20801	     -200000	 0.085686492	22.110667977	-91.904583528	149.247579577	 0.247716589	         0.000000000	         0.000000000	         0.000000000
 20802	     -199000	 0.087488192	22.126492948	-84.673451494	149.241622407	 0.248262084	         0.000000000	         0.000000000	         0.000000000
 20803	     -198000	 0.089182195	22.151081704	-77.634370465	149.236222258	 0.249112055	         0.000000000	         0.000000000	         0.000000000
 20804	     -197000	 0.090949752	22.184204048	-70.570546328	149.231266147	 0.250261613	         0.000000000	         0.000000000	         0.000000000
 20805	     -196000	 0.092820032	22.225967428	-63.566359241	149.226900067	 0.251718634	         0.000000000	         0.000000000	         0.000000000
 20806	     -195000	 0.094580526	22.275899917	-56.587194676	149.223356403	 0.253471793	         0.000000000	         0.000000000	         0.000000000
 20807	     -194000	 0.096340585	22.333865163	-49.627717610	149.220684603	 0.255522308	         0.000000000	         0.000000000	         0.000000000
 20808	     -193000	 0.098168556	22.399929310	-42.788044175	149.218941896	 0.257879555	         0.000000000	         0.000000000	         0.000000000
 20809	     -192000	 0.099890725	22.473573327	-35.889283201	150.469330669	 0.260532901	         0.000000000	         0.000000000	         0.000000000
 20810	     -191000	 0.101491539	22.554538609	-29.109355819	151.823110760	 0.263481545	         0.000000000	         0.000000000	         0.000000000
 20811	     -190000	 0.103119931	22.642429967	-22.371864886	152.584527809	 0.266720215	         0.000000000	         0.000000000	         0.000000000
 20812	     -189000	 0.104762165	22.736553467	-15.542574495	153.173062385	 0.270232687	         0.000000000	         0.000000000	         0.000000000
 20813	     -188000	 0.106077970	22.836500981	-8.811766849	153.652925907	 0.274013149	         0.000000000	         0.000000000	         0.000000000
 20814	     -187000	 0.107434669	22.941096784	-2.088670295	154.075190765	 0.278026077	         0.000000000	         0.000000000	         0.000000000
 20815	     -186000	 0.108857953	23.049636574	 4.601140026	154.453235339	 0.282252467	         0.000000000	         0.000000000	         0.000000000
 20816	     -185000	 0.109993015	23.161433163	11.391258749	154.787813905	 0.286672850	         0.000000000	         0.000000000	         0.000000000
 20817	     -184000	 0.111154276	23.274779793	18.075142745	155.083552614	 0.291225200	         0.000000000	         0.000000000	         0.000000000
 20818	     -183000	 0.112174784	23.389163525	24.767088913	155.351831003	 0.295892493	         0.000000000	         0.000000000	         0.000000000
 20819	     -182000	 0.113292991	23.503736141	31.529888471	155.592276703	 0.300642480	         0.000000000	         0.000000000	         0.000000000
 20820	     -181000	 0.114098547	23.616823358	38.170783280	155.796758662	 0.305405654	         0.000000000	         0.000000000	         0.000000000
 20821	     -180000	 0.114960379	23.728200033	44.897340348	155.982596811	 0.310170537	         0.000014794	         0.000000000	         0.000014794
 20822	     -179000	 0.115733283	23.837101090	51.534811325	156.146947916	 0.314901380	         0.000079096	         0.000012827	         0.000091923
 20823	     -178000	 0.116291999	23.942451895	58.238455679	156.289255057	 0.319546650	         0.000167348	         0.000066258	         0.000233606
 20824	     -177000	 0.116752823	24.044306989	64.896406369	156.414575673	 0.324102924	         0.000274472	         0.000138589	         0.000413060
 20825	     -176000	 0.117113408	24.141974794	71.546340623	156.526918619	 0.328532890	         0.000398921	         0.000225135	         0.000624056
 20826	     -175000	 0.117516548	24.235187222	78.283318756	156.626961983	 0.332817231	         0.000539813	         0.000324742	         0.000864555
 20827	     -174000	 0.117497825	24.323989648	84.966749026	156.717096098	 0.336950832	         0.000688100	         0.000429587	         0.001117687
 20828	     -173000	 0.117583481	24.407713955	91.663245088	156.802129205	 0.340895064	         0.000845676	         0.000541617	         0.001387293
 20829	     -172000	 0.117702337	24.486545874	98.375414067	156.878908633	 0.344651009	         0.001004536	         0.000654514	         0.001659051
 20830	     -171000	 0.117448939	24.560379233	105.125170560	156.953389142	 0.348206318	         0.001154183	         0.000760112	         0.001914295
 20831	     -170000	 0.117294616	24.628515563	111.794927404	157.024874472	 0.351519829	         0.001292874	         0.000858650	         0.002151524
 20832	     -169000	 0.117051204	24.691056478	118.488750371	157.079373881	 0.354588978	         0.001397825	         0.000932178	         0.002330003
 20833	     -168000	 0.116694469	24.747679595	125.220845564	157.143445465	 0.357390822	         0.001471554	         0.000981924	         0.002453478
 20834	     -167000	 0.116144314	24.797742697	131.875763886	157.219386600	 0.359886497	         0.001523958	         0.001016789	         0.002540747
 20835	     -166000	 0.115557965	24.841092169	138.527230329	157.281498181	 0.362061567	         0.001536297	         0.001023224	         0.002559521
 20836	     -165000	 0.114953875	24.877326778	145.204853870	157.345697040	 0.363889730	         0.001523597	         0.001011954	         0.002535551
 20837	     -164000	 0.114064495	24.906202684	151.887366120	157.407937751	 0.365353228	         0.001477171	         0.000976177	         0.002453349
 20838	     -163000	 0.113160022	24.927437228	158.570460530	157.472368755	 0.366433198	         0.001405619	         0.000922281	         0.002327901
 20839	     -162000	 0.112205950	24.940877468	165.212851485	157.540282373	 0.367118406	         0.001313458	         0.000854163	         0.002167621
 20840	     -161000	 0.111128841	24.946788821	171.954724633	157.609176058	 0.367420183	         0.001197372	         0.000769485	         0.001966857
 20841	     -160000	 0.109982723	24.945086042	178.648317645	157.677931787	 0.367333230	         0.001067230	         0.000675600	         0.001742830
 20842	     -159000	 0.108782538	24.936099830	-174.666274991	157.743358532	 0.366874686	         0.000926813	         0.000575188	         0.001502001
 20843	     -158000	 0.107715009	24.920407394	-167.903733872	157.835148207	 0.366075314	         0.000796377	         0.000482397	         0.001278775
 20844	     -157000	 0.106270321	24.898263706	-161.189282645	157.921497731	 0.364950276	         0.000663517	         0.000389520	         0.001053036
 20845	     -156000	 0.104922200	24.870426901	-154.498520536	158.006375131	 0.363540897	         0.000538149	         0.000303049	         0.000841198
 20846	     -155000	 0.103729263	24.837516634	-147.811480016	158.083344563	 0.361881667	         0.000420830	         0.000224118	         0.000644948
 20847	     -154000	 0.102168826	24.799988809	-141.049107898	158.159692733	 0.359998874	         0.000312854	         0.000154554	         0.000467408
 20848	     -153000	 0.100670931	24.758772243	-134.374251356	158.227335924	 0.357942300	         0.000218327	         0.000098695	         0.000317023
 20849	     -152000	 0.099050831	24.714288333	-127.673192223	158.289187705	 0.355735877	         0.000136672	         0.000052710	         0.000189381
 20850	     -151000	 0.097504847	24.666984470	-120.928289197	158.336763253	 0.353404503	         0.000067668	         0.000016443	         0.000084111
 20851	     -150000	 0.095713095	24.617669046	-114.195970824	158.372825287	 0.350990254	         0.000015291	         0.000002049	         0.000017340
 20852	     -149000	 0.094027396	24.566731161	-107.364459453	158.397023219	 0.348513892	         0.000001434	         0.000000192	         0.000001626
 20853	     -148000	 0.092350801	24.514663224	-100.601377313	158.402200434	 0.346000648	         0.000000022	         0.000000000	         0.000000022
 20854	     -147000	 0.090555507	24.461999598	-93.694027070	158.392541008	 0.343477087	         0.000000000	         0.000000000	         0.000000000
 20855	     -146000	 0.088844758	24.409155167	-86.883208268	158.359537265	 0.340963362	         0.000000000	         0.000000000	         0.000000000
 20856	     -145000	 0.087160066	24.356869149	-80.031519317	158.306979199	 0.338494306	         0.000000000	         0.000000000	         0.000000000
 20857	     -144000	 0.085545294	24.305603580	-73.072406637	158.234771117	 0.336090799	         0.000000000	         0.000000000	         0.000000000
 20858	     -143000	 0.083716342	24.255741123	-66.165386214	158.137285778	 0.333769447	         0.000000000	         0.000000000	         0.000000000
 20859	     -142000	 0.082025317	24.208367750	-59.274259003	158.028805243	 0.331578829	         0.000000000	         0.000000000	         0.000000000
 20860	     -141000	 0.080457978	24.164038814	-52.329228644	157.906768663	 0.329542014	         0.000000000	         0.000000000	         0.000000000
 20861	     -140000	 0.078696245	24.123134581	-45.216632012	157.773011544	 0.327673657	         0.000000000	         0.000000000	         0.000000000
 20862	     -139000	 0.076969496	24.086768000	-38.227399418	157.629393993	 0.326021461	         0.000000000	         0.000000000	         0.000000000
 20863	     -138000	 0.075366589	24.055487843	-31.109108763	157.483783581	 0.324607016	         0.000000000	         0.000000000	         0.000000000
 20864	     -137000	 0.073717305	24.029761119	-23.857142940	157.345592327	 0.323448290	         0.000000000	         0.000000000	         0.000000000
 20865	     -136000	 0.072128219	24.010365752	-16.608955727	157.206971782	 0.322577462	         0.000000000	         0.000000000	         0.000000000
 20866	     -135000	 0.070672647	23.997586095	-9.235159750	157.082985972	 0.322004953	         0.000000000	         0.000000000	         0.000000000
 20867	     -134000	 0.069340845	23.991884948	-1.796399738	156.969980488	 0.321749878	         0.000000000	         0.000000000	         0.000000000
 20868	     -133000	 0.067942036	23.993669277	 5.696256998	156.887318771	 0.321829689	         0.000000000	         0.000000000	         0.000000000
 20869	     -132000	 0.066729839	24.002764835	13.248810693	156.818123901	 0.322236830	         0.000000000	         0.000000000	         0.000000000
 20870	     -131000	 0.065701973	24.019470099	20.755278576	156.774691120	 0.322985943	         0.000000000	         0.000000000	         0.000000000
 20871	     -130000	 0.064694497	24.043863929	28.501796313	156.749059579	 0.324082964	         0.000001022	         0.000000000	         0.000001022
 20872	     -129000	 0.063656618	24.075520037	36.212048969	156.740706435	 0.325512136	         0.000019086	         0.000000000	         0.000019086
 20873	     -128000	 0.062814077	24.114552563	43.884172650	156.755745578	 0.327283008	         0.000052831	         0.000004019	         0.000056850
 20874	     -127000	 0.062190036	24.160709998	51.712946281	156.784804036	 0.329389569	         0.000096284	         0.000021599	         0.000117883
 20875	     -126000	 0.061444730	24.213616146	59.658084167	156.830704335	 0.331820813	         0.000147328	         0.000049929	         0.000197257
 20876	     -125000	 0.060905279	24.273210693	67.612219870	156.893657373	 0.334580914	         0.000206502	         0.000087338	         0.000293840
 20877	     -124000	 0.060605483	24.338983445	75.549732808	156.974267185	 0.337653816	         0.000275265	         0.000132638	         0.000407903
 20878	     -123000	 0.060322707	24.410708946	83.744650553	157.067464866	 0.341037009	         0.000353019	         0.000185084	         0.000538104
 20879	     -122000	 0.060240268	24.488082597	91.730660396	157.176409700	 0.344724636	         0.000439307	         0.000244162	         0.000683469
 20880	     -121000	 0.060310521	24.570445804	99.843564380	157.298680284	 0.348693888	         0.000535283	         0.000309907	         0.000845190
 20881	     -120000	 0.060615009	24.657823538	107.946702881	157.436118862	 0.352954775	         0.000641104	         0.000382433	         0.001023537
 20882	     -119000	 0.060830186	24.749662816	115.985485139	157.571999101	 0.357489357	         0.000744270	         0.000453689	         0.001197958
 20883	     -118000	 0.061370590	24.845188461	123.980184656	157.728296412	 0.362267778	         0.000846544	         0.000522929	         0.001369473
 20884	     -117000	 0.061949112	24.944408877	131.926993379	157.900046782	 0.367298656	         0.000951828	         0.000593953	         0.001545781
 20885	     -116000	 0.062656318	25.046557463	139.966530563	158.091276397	 0.372551002	         0.001063984	         0.000670367	         0.001734351
 20886	     -115000	 0.063344079	25.150981367	147.884613261	158.295323700	 0.377997987	         0.001175228	         0.000745048	         0.001920277
 20887	     -114000	 0.064212536	25.257231565	155.720333812	158.512953405	 0.383621982	         0.001285403	         0.000818300	         0.002103702
 20888	     -113000	 0.065340905	25.364427051	163.588820020	158.749383730	 0.389380813	         0.001391333	         0.000888190	         0.002279523
 20889	     -112000	 0.066309641	25.472179031	171.506143729	159.007397101	 0.395256667	         0.001480577	         0.000945708	         0.002426285
 20890	     -111000	 0.067510544	25.579401868	179.246661016	159.282685985	 0.401191680	         0.001558404	         0.000994588	         0.002552992
 20891	     -110000	 0.068855438	25.685201799	-173.098507467	159.580980614	 0.407135278	         0.001619906	         0.001031662	         0.002651568
 20892	     -109000	 0.070223869	25.789257696	-165.346901108	159.904642095	 0.413066782	         0.001660670	         0.001053600	         0.002714270
 20893	     -108000	 0.071659924	25.890183728	-157.827053040	160.233406287	 0.418902417	         0.001678050	         0.001059782	         0.002737832
 20894	     -107000	 0.073248299	25.987304624	-150.343952519	160.570477669	 0.424595861	         0.001670894	         0.001048954	         0.002719848
 20895	     -106000	 0.074795665	26.080124831	-142.820398658	160.919582510	 0.430109493	         0.001640026	         0.001022071	         0.002662097
 20896	     -105000	 0.076303131	26.167376330	-135.424019480	161.265118480	 0.435357603	         0.001588344	         0.000981342	         0.002569686
 20897	     -104000	 0.077944678	26.249028824	-128.132242408	161.614348186	 0.440326927	         0.001524961	         0.000933391	         0.002458352
 20898	     -103000	 0.079653700	26.324399442	-120.835778795	161.959206801	 0.444964268	         0.001448452	         0.000876884	         0.002325336
 20899	     -102000	 0.081245405	26.392558106	-113.497879067	162.293433479	 0.449199916	         0.001363938	         0.000816049	         0.002179987
 20900	     -101000	 0.082905851	26.454010751	-106.255601474	162.616482091	 0.453053379	         0.001282676	         0.000757980	         0.002040657
 20901	     -100000	 0.084561943	26.508018289	-99.117519156	162.916783354	 0.456467271	         0.001207193	         0.000704609	         0.001911802
 20902	      -99000	 0.086389596	26.554242789	-91.905895043	163.193162799	 0.459409609	         0.001136404	         0.000655042	         0.001791445
 20903	      -98000	 0.088081511	26.593184343	-84.744085779	163.438332261	 0.461903079	         0.001083726	         0.000618283	         0.001702009
 20904	      -97000	 0.089787700	26.624056541	-77.666208382	163.645442663	 0.463889473	         0.001048928	         0.000594218	         0.001643147
 20905	      -96000	 0.091655547	26.647071155	-70.662619373	163.811747788	 0.465375846	         0.001031137	         0.000583841	         0.001614978
 20906	      -95000	 0.093266542	26.662376195	-63.605205688	163.933332635	 0.466366941	         0.001044573	         0.000598120	         0.001642693
 20907	      -94000	 0.094958482	26.669034293	-56.669115065	164.005027149	 0.466798752	         0.001083398	         0.000627807	         0.001711205
 20908	      -93000	 0.096624922	26.667533742	-49.773580760	164.026758066	 0.466701399	         0.001146259	         0.000673089	         0.001819348
 20909	      -92000	 0.098202523	26.657526368	-42.752537474	163.995202482	 0.466052657	         0.001234208	         0.000735494	         0.001969702
 20910	      -91000	 0.099606850	26.638211146	-35.896984838	163.912259609	 0.464803069	         0.001340933	         0.000810915	         0.002151847
 20911	      -90000	 0.101130171	26.610110151	-28.990237958	163.783047839	 0.462991072	         0.001463897	         0.000898039	         0.002361936
 20912	      -89000	 0.102664151	26.572540978	-22.129805873	163.612276420	 0.460579581	         0.001602405	         0.000996134	         0.002598539
 20913	      -88000	 0.103938334	26.525369198	-15.179889311	163.388750021	 0.457569496	         0.001751912	         0.001103169	         0.002855080
 20914	      -87000	 0.105376627	26.469033618	-8.342102924	163.134620939	 0.454000424	         0.001904542	         0.001212408	         0.003116951
 20915	      -86000	 0.106668109	26.402954897	-1.543456330	162.847522163	 0.449849548	         0.002057239	         0.001322592	         0.003379831
 20916	      -85000	 0.108043764	26.327790236	 5.312996708	162.540029540	 0.445174038	         0.002217444	         0.001437941	         0.003655385
 20917	      -84000	 0.109259935	26.244140463	12.093140301	162.205543114	 0.440027834	         0.002358125	         0.001541884	         0.003900010
 20918	      -83000	 0.110408185	26.151993854	18.843266466	161.855661796	 0.434427732	         0.002481388	         0.001634952	         0.004116340
 20919	      -82000	 0.111609594	26.052463392	25.574114090	161.492767905	 0.428458923	         0.002580853	         0.001711200	         0.004292052
 20920	      -81000	 0.112501109	25.946124628	32.336435922	161.115687597	 0.422172409	         0.002646596	         0.001764442	         0.004411038
 20921	      -80000	 0.113406621	25.833775016	38.994944817	160.734038195	 0.415630725	         0.002672253	         0.001789323	         0.004461576
 20922	      -79000	 0.114262012	25.716485790	45.670824323	160.345329245	 0.408909551	         0.002658730	         0.001786792	         0.004445522
 20923	      -78000	 0.114959478	25.594536256	52.460908210	159.950987120	 0.402036548	         0.002606960	         0.001756458	         0.004363418
 20924	      -77000	 0.115469999	25.469291967	59.116301864	159.558654443	 0.395098082	         0.002507095	         0.001690870	         0.004197965
 20925	      -76000	 0.116021941	25.341276495	65.800550868	159.170524299	 0.388129828	         0.002376666	         0.001604204	         0.003980870
 20926	      -75000	 0.116517503	25.210584791	72.546362805	158.780916473	 0.381142662	         0.002211861	         0.001492704	         0.003704564
 20927	      -74000	 0.116826335	25.078499544	79.258085071	158.397140778	 0.374208787	         0.002017629	         0.001359233	         0.003376862
 20928	      -73000	 0.117170715	24.945015705	85.940955413	158.016689891	 0.367329639	         0.001804320	         0.001212109	         0.003016429
 20929	      -72000	 0.117469291	24.810374084	92.589489467	157.643061292	 0.360518927	         0.001582040	         0.001057001	         0.002639041
 20930	      -71000	 0.117543929	24.675477741	99.298374357	157.270626313	 0.353821966	         0.001351049	         0.000897229	         0.002248278
 20931	      -70000	 0.117618325	24.539939096	105.940208940	156.900088485	 0.347218406	         0.001122996	         0.000738747	         0.001861743
 20932	      -69000	 0.117522174	24.404474741	112.524463742	156.535024957	 0.340741610	         0.000907389	         0.000589621	         0.001497010
 20933	      -68000	 0.117449283	24.269751992	119.183202480	156.154478246	 0.334420100	         0.000703664	         0.000449639	         0.001153302
 20934	      -67000	 0.117090878	24.135524532	125.821109120	155.778561382	 0.328238464	         0.000521334	         0.000325384	         0.000846718
 20935	      -66000	 0.116695719	24.003138132	132.442937564	155.406943792	 0.322253551	         0.000367747	         0.000221144	         0.000588891
 20936	      -65000	 0.116303997	23.872912780	139.025205085	155.028812862	 0.316472812	         0.000244961	         0.000140056	         0.000385017
 20937	      -64000	 0.115626432	23.745097477	145.748638834	154.649824180	 0.310899904	         0.000153001	         0.000081169	         0.000234170
 20938	      -63000	 0.114999642	23.621418574	152.379810965	154.265073790	 0.305600790	         0.000088260	         0.000042206	         0.000130465
 20939	      -62000	 0.114283649	23.501979354	159.003532598	153.870219570	 0.300569074	         0.000045442	         0.000018688	         0.000064129
 20940	      -61000	 0.113531030	23.387438017	165.788285431	153.477238416	 0.295821533	         0.000019712	         0.000006629	         0.000026341
 20941	      -60000	 0.112551005	23.279325931	172.409679135	153.078128548	 0.291409287	         0.000006505	         0.000001387	         0.000007892
 20942	      -59000	 0.111658036	23.177564718	179.133667452	152.670253507	 0.287316374	         0.000000995	         0.000000000	         0.000000995
 20943	      -58000	 0.110711029	23.082932068	-174.188779185	152.271949895	 0.283561780	         0.000000000	         0.000000000	         0.000000000
 20944	      -57000	 0.109515538	22.996088468	-167.406446767	151.870553030	 0.280159408	         0.000000000	         0.000000000	         0.000000000
 20945	      -56000	 0.108363066	22.916897378	-160.680149192	151.421276527	 0.277092447	         0.000000000	         0.000000000	         0.000000000
 20946	      -55000	 0.107077802	22.845945713	-153.941067852	150.880204797	 0.274373115	         0.000000000	         0.000000000	         0.000000000
 20947	      -54000	 0.105870971	22.782890099	-147.097706932	150.069212333	 0.271978817	         0.000000000	         0.000000000	         0.000000000
 20948	      -53000	 0.104417335	22.727644816	-140.251906593	149.290223897	 0.269898264	         0.000000000	         0.000000000	         0.000000000
 20949	      -52000	 0.102994626	22.680345848	-133.366406660	149.282930479	 0.268129623	         0.000000000	         0.000000000	         0.000000000
 20950	      -51000	 0.101645415	22.640205081	-126.436007151	149.275661810	 0.266637742	         0.000000000	         0.000000000	         0.000000000
 20951	      -50000	 0.100119271	22.607092644	-119.417466034	149.268481277	 0.265413327	         0.000000000	         0.000000000	         0.000000000
 20952	      -49000	 0.098719944	22.580843085	-112.431172354	149.261591362	 0.264446681	         0.000000000	         0.000000000	         0.000000000
 20953	      -48000	 0.097327639	22.560765671	-105.413531728	149.255038745	 0.263709703	         0.000000000	         0.000000000	         0.000000000
 20954	      -47000	 0.095885444	22.546799816	-98.199139184	149.248806693	 0.263198272	         0.000000000	         0.000000000	         0.000000000
 20955	      -46000	 0.094317785	22.538581050	-91.111280432	149.243354089	 0.262897764	         0.000000000	         0.000000000	         0.000000000
 20956	      -45000	 0.092896913	22.535811908	-83.975039159	149.238520945	 0.262796591	         0.000000000	         0.000000000	         0.000000000
 20957	      -44000	 0.091485680	22.538513383	-76.684787866	149.234397080	 0.262895291	         0.000000000	         0.000000000	         0.000000000
 20958	      -43000	 0.089945496	22.546225509	-69.303197442	149.231229982	 0.263177262	         0.000000000	         0.000000000	         0.000000000
 20959	      -42000	 0.088494078	22.558982839	-61.940482079	150.320045613	 0.263644360	         0.000000000	         0.000000000	         0.000000000
 20960	      -41000	 0.087043053	22.576574128	-54.500406596	150.950002567	 0.264289809	         0.000000000	         0.000000000	         0.000000000
 20961	      -40000	 0.085663300	22.598675755	-46.906747096	151.386523937	 0.265102989	         0.000000000	         0.000000000	         0.000000000
 20962	      -39000	 0.084406687	22.625248227	-39.268699058	151.734517049	 0.266083977	         0.000000000	         0.000000000	         0.000000000
 20963	      -38000	 0.083106709	22.655842399	-31.584854197	152.010278411	 0.267217933	         0.000000000	         0.000000000	         0.000000000
 20964	      -37000	 0.082107173	22.690279986	-23.777141751	152.265573335	 0.268500125	         0.000000000	         0.000000000	         0.000000000
 20965	      -36000	 0.080938392	22.728272811	-15.967998783	152.466879689	 0.269921825	         0.000000000	         0.000000000	         0.000000000
 20966	      -35000	 0.079978433	22.769121224	-8.166579713	152.661351548	 0.271458781	         0.000000000	         0.000000000	         0.000000000
 20967	      -34000	 0.079200362	22.812710091	-0.359243973	152.830550085	 0.273108503	         0.000000000	         0.000000000	         0.000000000
 20968	      -33000	 0.078368383	22.858599208	 7.685635996	153.008521360	 0.274856117	         0.000000000	         0.000000000	         0.000000000
 20969	      -32000	 0.077598151	22.906127907	15.553126894	153.163011667	 0.276677962	         0.000000000	         0.000000000	         0.000000000
 20970	      -31000	 0.076900570	22.955183869	23.468249189	153.302390170	 0.278571015	         0.000000000	         0.000000000	         0.000000000
 20971	      -30000	 0.076487262	23.005260569	31.480229612	153.433496514	 0.280516818	         0.000000000	         0.000000000	         0.000000000
 20972	      -29000	 0.075902330	23.056244648	39.540608954	153.563045389	 0.282511841	         0.000000000	         0.000000000	         0.000000000
 20973	      -28000	 0.075595269	23.107801237	47.564478212	153.673449797	 0.284543696	         0.000000000	         0.000000000	         0.000000000
 20974	      -27000	 0.075350067	23.159537581	55.577029363	153.779682004	 0.286597325	         0.000000000	         0.000000000	         0.000000000
 20975	      -26000	 0.075234139	23.211862617	63.692760471	153.876035111	 0.288689398	         0.000000000	         0.000000000	         0.000000000
 20976	      -25000	 0.075264147	23.264376467	71.597343917	153.969071853	 0.290804374	         0.000000000	         0.000000000	         0.000000000
 20977	      -24000	 0.075386364	23.316994403	79.578954515	154.059167529	 0.292939084	         0.000000046	         0.000000000	         0.000000046
 20978	      -23000	 0.075664484	23.370248521	87.487799704	154.149299881	 0.295115559	         0.000001718	         0.000000000	         0.000001718
 20979	      -22000	 0.075904585	23.423836015	95.314103165	154.239486251	 0.297321982	         0.000006584	         0.000000087	         0.000006671
 20980	      -21000	 0.076213925	23.477962509	103.033806906	154.333013299	 0.299567344	         0.000014813	         0.000001510	         0.000016323
 20981	      -20000	 0.076713896	23.533051402	110.676182490	154.430658697	 0.301870043	         0.000025703	         0.000004745	         0.000030449
 20982	      -19000	 0.077230707	23.588964380	118.452530545	154.534581898	 0.304225289	         0.000038690	         0.000009905	         0.000048595
 20983	      -18000	 0.077641295	23.646252412	125.960268988	154.620066495	 0.306657517	         0.000050896	         0.000015853	         0.000066749
 20984	      -17000	 0.078233217	23.705011777	133.450221427	154.726897183	 0.309172414	         0.000062604	         0.000022580	         0.000085185
 20985	      -16000	 0.079013665	23.765397277	140.960763547	154.851375848	 0.311778401	         0.000073598	         0.000027567	         0.000101165
 20986	      -15000	 0.079622813	23.828158458	148.371787505	154.991566994	 0.314510193	         0.000086542	         0.000034189	         0.000120731
 20987	      -14000	 0.080432836	23.893156113	155.665201935	155.150237101	 0.317364565	         0.000101794	         0.000042407	         0.000144200
 20988	      -13000	 0.081318133	23.960901417	162.914934246	155.327322137	 0.320367174	         0.000117464	         0.000050873	         0.000168337
 20989	      -12000	 0.082179039	24.031878352	170.097559659	155.530370195	 0.323543493	         0.000133031	         0.000059217	         0.000192248
 20990	      -11000	 0.083078657	24.105961246	177.133908653	155.756175859	 0.326892403	         0.000148046	         0.000067093	         0.000215139
 20991	      -10000	 0.084058613	24.183811399	-175.917851386	156.015070630	 0.330448970	         0.000163069	         0.000074946	         0.000238015
 20992	       -9000	 0.085022293	24.265555248	-168.930289777	156.309202846	 0.334225074	         0.000177314	         0.000081909	         0.000259223
 20993	       -8000	 0.085893190	24.351202710	-162.124041770	156.625025475	 0.338227801	         0.000189242	         0.000087468	         0.000276710
 20994	       -7000	 0.086789046	24.441161342	-155.329110324	156.963318646	 0.342483639	         0.000197885	         0.000091079	         0.000288964
 20995	       -6000	 0.087816822	24.535253348	-148.611102880	157.324798931	 0.346992330	         0.000203994	         0.000093055	         0.000297049
 20996	       -5000	 0.088700617	24.633724519	-141.855828162	157.709952911	 0.351774438	         0.000205875	         0.000092703	         0.000298579
 20997	       -4000	 0.089582487	24.736458153	-135.201045521	158.117151569	 0.356833806	         0.000205353	         0.000090462	         0.000295815
 20998	       -3000	 0.090497330	24.843270758	-128.653555394	158.542687888	 0.362171224	         0.000202820	         0.000086585	         0.000289405
 20999	       -2000	 0.091571466	24.954662590	-121.964549131	158.991750001	 0.367822528	         0.000196957	         0.000080154	         0.000277111
 21000	       -1000	 0.092413567	25.070009643	-115.454439254	159.443532036	 0.373767445	         0.000190895	         0.000073408	         0.000264303
 21001	           0	 0.093315101	25.189417000	-108.955069177	159.908841174	 0.380022865	         0.000186266	         0.000066916	         0.000253182
