LaskarTimestep	time_years	ecc	obl	Lsp	Tsurf	SF12	ForcedConv	FreeConv	TotalSubl
 20501	     -500000	 0.053483653	32.703763755	-67.814367410	173.645417072	 0.990943818	         0.029231148	         0.020648408	         0.049879556
 20502	     -499000	 0.053288153	32.488620538	-59.367825181	173.364596178	 0.969175883	         0.028186887	         0.019911089	         0.048097976
 20503	     -498000	 0.053377802	32.256228450	-50.865905620	173.039707622	 0.945816896	         0.027238325	         0.019250624	         0.046488948
 20504	     -497000	 0.053647700	32.006039467	-42.223229794	172.663907404	 0.920865377	         0.026378628	         0.018660069	         0.045038697
 20505	     -496000	 0.054047376	31.738155109	-33.689989970	172.244119341	 0.894395368	         0.025565609	         0.018108235	         0.043673844
 20506	     -495000	 0.054631131	31.454701396	-25.262552658	171.778959037	 0.866687915	         0.024737250	         0.017545870	         0.042283121
 20507	     -494000	 0.055503104	31.154095440	-16.914646569	171.276376494	 0.837668777	         0.023871568	         0.016955168	         0.040826736
 20508	     -493000	 0.056285559	30.837897089	-8.625617696	170.730535301	 0.807579432	         0.022967603	         0.016334729	         0.039302332
 20509	     -492000	 0.057273798	30.508467070	-0.601773950	170.167212589	 0.776737083	         0.021993483	         0.015662361	         0.037655844
 20510	     -491000	 0.058303969	30.164542217	 7.329286080	169.572997355	 0.745122200	         0.020917909	         0.014908860	         0.035826769
 20511	     -490000	 0.059484652	29.808813997	15.267923373	168.949241140	 0.713084746	         0.019749032	         0.014084156	         0.033833188
 20512	     -489000	 0.060538153	29.442650094	23.011034297	168.309630943	 0.680845087	         0.018470018	         0.013173146	         0.031643164
 20513	     -488000	 0.061639490	29.066784175	30.704745155	167.646442619	 0.648562600	         0.017071786	         0.012172770	         0.029244556
 20514	     -487000	 0.062886122	28.683922654	38.224408913	166.981315113	 0.616555387	         0.015623066	         0.011134160	         0.026757226
 20515	     -486000	 0.064104852	28.293832465	45.936134667	166.287148486	 0.584881533	         0.014096235	         0.010037566	         0.024133801
 20516	     -485000	 0.065275801	27.899601971	53.414207966	165.590913722	 0.553879489	         0.012518339	         0.008901022	         0.021419360
 20517	     -484000	 0.066523121	27.502929228	60.816856720	164.886050772	 0.524166626	         0.010932815	         0.007761445	         0.018694261
 20518	     -483000	 0.067980414	27.102757701	68.326978207	164.165996118	 0.495806525	         0.009379611	         0.006646298	         0.016025909
 20519	     -482000	 0.069279862	26.702831910	75.589135537	163.448446811	 0.468996870	         0.007873112	         0.005563215	         0.013436327
 20520	     -481000	 0.070766927	26.303573924	82.822812481	162.713966068	 0.443678071	         0.006445285	         0.004539443	         0.010984728
 20521	     -480000	 0.072297673	25.904594183	90.011690551	161.985363912	 0.419742342	         0.005157090	         0.003616518	         0.008773608
 20522	     -479000	 0.073750478	25.509120825	97.135510913	161.243825825	 0.397291494	         0.003987708	         0.002778326	         0.006766033
 20523	     -478000	 0.075291017	25.116205047	104.020098171	160.482304761	 0.376175188	         0.002968472	         0.002046033	         0.005014504
 20524	     -477000	 0.076898065	24.726864180	110.918557181	159.598462358	 0.356358263	         0.001978971	         0.001331192	         0.003310163
 20525	     -476000	 0.078610144	24.343391493	117.769152026	158.811925267	 0.337860766	         0.001305135	         0.000846648	         0.002151783
 20526	     -475000	 0.080147059	23.964548390	124.453057477	157.995577065	 0.320529619	         0.000780463	         0.000472749	         0.001253212
 20527	     -474000	 0.081736300	23.592875073	131.020021714	157.176680079	 0.304390706	         0.000417067	         0.000223148	         0.000640216
 20528	     -473000	 0.083438263	23.229283684	137.468539094	156.287091465	 0.289389315	         0.000176203	         0.000075594	         0.000251796
 20529	     -472000	 0.085024744	22.873732872	143.925470048	155.347146606	 0.275434907	         0.000052897	         0.000016670	         0.000069568
 20530	     -471000	 0.086547933	22.529770671	150.195334867	154.331421779	 0.262576005	         0.000010322	         0.000002804	         0.000013127
 20531	     -470000	 0.088039061	22.197244271	156.361051185	153.152474817	 0.250715646	         0.000000272	         0.000000000	         0.000000272
 20532	     -469000	 0.089502226	21.877494687	162.561079922	151.364520603	 0.239816542	         0.000000000	         0.000000000	         0.000000000
 20533	     -468000	 0.090729618	21.573982193	168.627502878	149.328751849	 0.229909553	         0.000000000	         0.000000000	         0.000000000
 20534	     -467000	 0.091988770	21.286308398	174.612217699	149.325741123	 0.220897618	         0.000000000	         0.000000000	         0.000000000
 20535	     -466000	 0.093237521	21.016546235	-179.294602679	149.322198882	 0.212768003	         0.000000000	         0.000000000	         0.000000000
 20536	     -465000	 0.094204887	20.766837482	-173.280920725	149.318177726	 0.205509625	         0.000000000	         0.000000000	         0.000000000
 20537	     -464000	 0.095244397	20.537205881	-167.314968424	149.313830611	 0.199053588	         0.000000000	         0.000000000	         0.000000000
 20538	     -463000	 0.096312874	20.329546983	-161.363161225	149.309139337	 0.193390119	         0.000000000	         0.000000000	         0.000000000
 20539	     -462000	 0.097278858	20.143863604	-155.323193101	149.304005772	 0.188462585	         0.000000000	         0.000000000	         0.000000000
 20540	     -461000	 0.098254956	19.980760304	-149.424423734	149.298693600	 0.184237952	         0.000000000	         0.000000000	         0.000000000
 20541	     -460000	 0.099104240	19.841112321	-143.506292126	149.293072752	 0.180696183	         0.000000000	         0.000000000	         0.000000000
 20542	     -459000	 0.100206210	19.723633083	-137.617000694	149.287257376	 0.177769445	         0.000000000	         0.000000000	         0.000000000
 20543	     -458000	 0.101029490	19.628903216	-131.780502330	149.281272010	 0.175444018	         0.000000000	         0.000000000	         0.000000000
 20544	     -457000	 0.101843791	19.556180600	-125.984251201	149.275173829	 0.173679485	         0.000000000	         0.000000000	         0.000000000
 20545	     -456000	 0.102644204	19.504268931	-120.267447087	149.269052088	 0.172430773	         0.000000000	         0.000000000	         0.000000000
 20546	     -455000	 0.103279566	19.473503825	-114.469057938	149.262815731	 0.171694973	         0.000000000	         0.000000000	         0.000000000
 20547	     -454000	 0.103740329	19.461807786	-108.793202614	149.256766618	 0.171416067	         0.000000000	         0.000000000	         0.000000000
 20548	     -453000	 0.104099069	19.468549107	-103.074824993	149.250800193	 0.171576767	         0.000000000	         0.000000000	         0.000000000
 20549	     -452000	 0.104512313	19.493756510	-97.261009048	149.244896924	 0.172178997	         0.000000000	         0.000000000	         0.000000000
 20550	     -451000	 0.104488019	19.535143430	-91.476132378	149.239448277	 0.173172360	         0.000000000	         0.000000000	         0.000000000
 20551	     -450000	 0.104580432	19.592772102	-85.643813392	149.234273458	 0.174565108	         0.000000000	         0.000000000	         0.000000000
 20552	     -449000	 0.104597861	19.666035783	-79.761277806	149.229534962	 0.176351900	         0.000000000	         0.000000000	         0.000000000
 20553	     -448000	 0.104415746	19.753339038	-73.738059487	149.225341413	 0.178504995	         0.000000000	         0.000000000	         0.000000000
 20554	     -447000	 0.104213875	19.855322745	-67.798218820	149.221849554	 0.181053455	         0.000000000	         0.000000000	         0.000000000
 20555	     -446000	 0.103913767	19.970649858	-61.716485987	149.219050420	 0.183979215	         0.000000000	         0.000000000	         0.000000000
 20556	     -445000	 0.103632189	20.098451812	-55.561593016	149.217004760	 0.187276711	         0.000000000	         0.000000000	         0.000000000
 20557	     -444000	 0.103142396	20.239479855	-49.397543857	149.215954415	 0.190984096	         0.000000000	         0.000000000	         0.000000000
 20558	     -443000	 0.102594499	20.392340109	-43.180589867	149.215838501	 0.195085463	         0.000000000	         0.000000000	         0.000000000
 20559	     -442000	 0.102094276	20.556316961	-36.906770136	149.216620932	 0.199583065	         0.000000000	         0.000000000	         0.000000000
 20560	     -441000	 0.101418020	20.731396369	-30.501263454	149.218501705	 0.204499709	         0.000000000	         0.000000000	         0.000000000
 20561	     -440000	 0.100612810	20.916451762	-24.131887082	149.221401757	 0.209828232	         0.000000000	         0.000000000	         0.000000000
 20562	     -439000	 0.099801682	21.110735354	-17.707785438	149.225222180	 0.215571938	         0.000000000	         0.000000000	         0.000000000
 20563	     -438000	 0.098991063	21.313165946	-11.120461420	149.899814529	 0.221723814	         0.000000000	         0.000000000	         0.000000000
 20564	     -437000	 0.097988888	21.522641323	-4.589955745	152.683579064	 0.228274671	         0.000000000	         0.000000000	         0.000000000
 20565	     -436000	 0.097012296	21.738411815	 1.999400543	153.753487428	 0.235224812	         0.000000000	         0.000000000	         0.000000000
 20566	     -435000	 0.096112405	21.959199964	 8.708213249	154.558131084	 0.242555671	         0.000000000	         0.000000000	         0.000000000
 20567	     -434000	 0.094871947	22.183936174	15.425421999	155.219714865	 0.250252295	         0.000000000	         0.000000000	         0.000000000
 20568	     -433000	 0.093717211	22.411455413	22.149081502	155.803483688	 0.258293042	         0.000000000	         0.000000000	         0.000000000
 20569	     -432000	 0.092570945	22.641216795	28.915953590	156.323201883	 0.266675241	         0.000000000	         0.000000000	         0.000000000
 20570	     -431000	 0.091280719	22.872575902	35.851098345	156.792674747	 0.275390616	         0.000000000	         0.000000000	         0.000000000
 20571	     -430000	 0.089880819	23.104270285	42.752121722	157.236700295	 0.284404076	         0.000013243	         0.000000000	         0.000013243
 20572	     -429000	 0.088407314	23.336253064	49.761852521	157.640308179	 0.293724319	         0.000116964	         0.000005456	         0.000122419
 20573	     -428000	 0.087055942	23.568404303	56.828114803	158.022374475	 0.303357099	         0.000283214	         0.000097878	         0.000381092
 20574	     -427000	 0.085523656	23.800273683	64.050375750	158.389868446	 0.313293516	         0.000507094	         0.000257709	         0.000764803
 20575	     -426000	 0.084054184	24.031816180	71.371111583	158.735380812	 0.323540697	         0.000787471	         0.000462034	         0.001249505
 20576	     -425000	 0.082640209	24.262875673	78.704281287	159.083891252	 0.334100611	         0.001134324	         0.000716065	         0.001850388
 20577	     -424000	 0.081254428	24.494013611	86.283114421	159.540752565	 0.345008947	         0.001645230	         0.001088730	         0.002733960
 20578	     -423000	 0.079854296	24.725194202	93.752355689	159.759278343	 0.356275552	         0.002005303	         0.001350577	         0.003355879
 20579	     -422000	 0.078553475	24.955606627	101.346534410	160.156745172	 0.367870797	         0.002581750	         0.001767551	         0.004349301
 20580	     -421000	 0.077463566	25.186350218	109.066419876	160.423308648	 0.379860903	         0.003061854	         0.002110887	         0.005172740
 20581	     -420000	 0.076046534	25.417401988	116.810454550	160.890560852	 0.392258608	         0.003786193	         0.002631211	         0.006417404
 20582	     -419000	 0.074886169	25.647626042	124.541382536	161.249627627	 0.405014342	         0.004360700	         0.003038875	         0.007399575
 20583	     -418000	 0.073764864	25.877504820	132.342403219	161.612100972	 0.418164807	         0.004917192	         0.003429866	         0.008347058
 20584	     -417000	 0.072698089	26.106626624	140.330293506	161.989368517	 0.431696830	         0.005452732	         0.003802668	         0.009255400
 20585	     -416000	 0.071481174	26.334548067	148.230073918	162.392403618	 0.445592404	         0.005958171	         0.004151989	         0.010110161
 20586	     -415000	 0.070438602	26.560782398	156.299431877	162.811635215	 0.459827405	         0.006416230	         0.004462174	         0.010878404
 20587	     -414000	 0.069487040	26.784373933	164.407454804	163.248324903	 0.474342880	         0.006810124	         0.004723519	         0.011533644
 20588	     -413000	 0.068557237	27.005600883	172.584617908	163.695040791	 0.489155768	         0.007114073	         0.004917569	         0.012031642
 20589	     -412000	 0.067751789	27.223425841	-179.159080626	164.165406518	 0.504192758	         0.007362015	         0.005069320	         0.012431335
 20590	     -411000	 0.067111113	27.436839030	-170.906675002	164.620105927	 0.519373400	         0.007490324	         0.005133317	         0.012623641
 20591	     -410000	 0.066482115	27.646315655	-162.509726288	165.048570538	 0.534718444	         0.007472271	         0.005089807	         0.012562079
 20592	     -409000	 0.065904691	27.850601462	-154.211828413	165.560033466	 0.550119795	         0.007551476	         0.005122437	         0.012673914
 20593	     -408000	 0.065517944	28.049456228	-145.949687243	166.069657254	 0.565532271	         0.007599435	         0.005134636	         0.012734071
 20594	     -407000	 0.065332851	28.243228828	-137.516629651	166.584022252	 0.580843370	         0.007621036	         0.005129647	         0.012750683
 20595	     -406000	 0.064967014	28.430711575	-129.093539419	167.082101767	 0.595886209	         0.007642265	         0.005127644	         0.012769909
 20596	     -405000	 0.064812231	28.612340545	-120.827735272	167.558969297	 0.610671516	         0.007689886	         0.005146614	         0.012836500
 20597	     -404000	 0.064847606	28.788137444	-112.516470610	168.020233143	 0.625178525	         0.007771905	         0.005192819	         0.012964724
 20598	     -403000	 0.064893803	28.957411961	-104.127488074	168.453462662	 0.639327602	         0.007905987	         0.005278465	         0.013184453
 20599	     -402000	 0.065050817	29.120604728	-95.852665171	168.850440641	 0.653133553	         0.008114723	         0.005419545	         0.013534268
 20600	     -401000	 0.065326528	29.277183504	-87.650634931	169.208775360	 0.666530305	         0.008410737	         0.005624368	         0.014035105
 20601	     -400000	 0.065761510	29.427107531	-79.415707434	169.531655373	 0.679493653	         0.008809937	         0.005905124	         0.014715061
 20602	     -399000	 0.066134286	29.570418567	-71.395309280	169.802712814	 0.692007688	         0.009337429	         0.006279212	         0.015616641
 20603	     -398000	 0.066677957	29.705890532	-63.372382483	170.031449021	 0.703945614	         0.009991651	         0.006746794	         0.016738445
 20604	     -397000	 0.067321109	29.833968797	-55.517321169	170.280148313	 0.715327396	         0.010918677	         0.007418066	         0.018336743
 20605	     -396000	 0.067841888	29.954156486	-47.623770726	170.415941630	 0.726091007	         0.011912134	         0.008138737	         0.020050871
 20606	     -395000	 0.068446604	30.064871194	-39.894880808	170.498794731	 0.736076306	         0.013051006	         0.008969476	         0.022020482
 20607	     -394000	 0.069056594	30.166494758	-32.261133437	170.540068243	 0.745299939	         0.014366517	         0.009935192	         0.024301709
 20608	     -393000	 0.069830315	30.258005064	-24.580012009	170.538298489	 0.753652707	         0.015864701	         0.011045324	         0.026910025
 20609	     -392000	 0.070364828	30.338292323	-16.949489692	170.488200122	 0.761017296	         0.017544340	         0.012302277	         0.029846617
 20610	     -391000	 0.071069537	30.407452813	-9.422837673	170.413611208	 0.767388065	         0.019396373	         0.013701618	         0.033097991
 20611	     -390000	 0.071974637	30.464168161	-1.989558957	170.308577141	 0.772630764	         0.021388146	         0.015222824	         0.036610970
 20612	     -389000	 0.072694139	30.508252531	 5.597531740	170.174582198	 0.776717173	         0.023594399	         0.016928157	         0.040522556
 20613	     -388000	 0.073599872	30.539450689	12.910982524	170.021456845	 0.779615021	         0.025845951	         0.018690819	         0.044536770
 20614	     -387000	 0.074543853	30.556607757	20.224631820	169.841921453	 0.781210744	         0.028156313	         0.020520109	         0.048676421
 20615	     -386000	 0.075566540	30.560587332	27.486301600	169.648389257	 0.781581081	         0.030512538	         0.022413109	         0.052925647
 20616	     -385000	 0.076485975	30.550826221	34.596577097	169.437056737	 0.780672857	         0.032753441	         0.024235840	         0.056989281
 20617	     -384000	 0.077541059	30.526875215	41.661964832	169.211133814	 0.778446356	         0.034893090	         0.026001543	         0.060894633
 20618	     -383000	 0.078573765	30.489771046	48.661430888	168.977949491	 0.775002830	         0.036846415	         0.027635279	         0.064481694
 20619	     -382000	 0.079500041	30.438760556	55.635630547	168.736548725	 0.770280085	         0.038520477	         0.029056061	         0.067576537
 20620	     -381000	 0.080402545	30.374413693	62.482195433	168.491514246	 0.764341565	         0.039827242	         0.030182628	         0.070009870
 20621	     -380000	 0.081375338	30.297212191	69.296712439	168.240348711	 0.757244895	         0.040769058	         0.031011079	         0.071780137
 20622	     -379000	 0.082284373	30.206346938	76.185991488	167.983874703	 0.748932076	         0.041264032	         0.031467347	         0.072731380
 20623	     -378000	 0.083049984	30.103098249	82.990154027	167.724532686	 0.739539400	         0.041230083	         0.031476338	         0.072706420
 20624	     -377000	 0.083857725	29.987064110	89.737708666	167.456490992	 0.729051958	         0.040623569	         0.031005899	         0.071629468
 20625	     -376000	 0.084810534	29.857578588	96.491010331	167.132755857	 0.717435506	         0.039098623	         0.029756689	         0.068855312
 20626	     -375000	 0.085547898	29.716190947	103.293678277	166.875648090	 0.704857560	         0.037561764	         0.028501503	         0.066063267
 20627	     -374000	 0.086310245	29.561732534	109.980901135	166.693495462	 0.691245843	         0.036124478	         0.027326972	         0.063451450
 20628	     -373000	 0.087220885	29.394130740	116.615450043	166.433336514	 0.676630969	         0.033789140	         0.025419852	         0.059208993
 20629	     -372000	 0.087896304	29.214470266	123.340123235	166.176434498	 0.661147074	         0.031095220	         0.023234075	         0.054329295
 20630	     -371000	 0.088614506	29.021319542	129.933008314	165.920371191	 0.644714925	         0.028246424	         0.020952316	         0.049198740
 20631	     -370000	 0.089361930	28.815628023	136.537886158	165.659383352	 0.627464400	         0.025295671	         0.018612368	         0.043908039
 20632	     -369000	 0.090081311	28.597684364	143.171191562	165.399869385	 0.609470760	         0.022339607	         0.016300443	         0.038640050
 20633	     -368000	 0.090634649	28.366654751	149.716933363	165.127184872	 0.590721408	         0.019374008	         0.014008286	         0.033382294
 20634	     -367000	 0.091311248	28.124317198	156.301421281	164.853293867	 0.571418823	         0.016574688	         0.011876356	         0.028451044
 20635	     -366000	 0.092003515	27.870318059	162.767453622	164.573904236	 0.551629525	         0.013979500	         0.009927747	         0.023907247
 20636	     -365000	 0.092570801	27.604992693	169.371806482	164.291365090	 0.531655883	         0.011564315	         0.008138628	         0.019702944
 20637	     -364000	 0.093119552	27.330446081	175.827157039	163.992484758	 0.511749099	         0.009414873	         0.006564381	         0.015979254
 20638	     -363000	 0.093640067	27.046354091	-177.781266293	163.678336138	 0.491934549	         0.007524293	         0.005196871	         0.012721164
 20639	     -362000	 0.094269015	26.754330361	-171.315876311	163.369605519	 0.472366128	         0.005917822	         0.004044632	         0.009962454
 20640	     -361000	 0.094618814	26.456094150	-164.938958484	163.002286992	 0.453184599	         0.004496575	         0.003031967	         0.007528542
 20641	     -360000	 0.094987851	26.151951376	-158.573095958	162.572697952	 0.434425166	         0.003284960	         0.002174020	         0.005458981
 20642	     -359000	 0.095369622	25.844145517	-152.287201787	162.203046137	 0.416230289	         0.002386559	         0.001542398	         0.003928957
 20643	     -358000	 0.095473227	25.533561207	-145.888910310	161.810492841	 0.398643473	         0.001662823	         0.001034459	         0.002697282
 20644	     -357000	 0.095574329	25.221545497	-139.631422876	161.397955015	 0.381723790	         0.001104859	         0.000644064	         0.001748923
 20645	     -356000	 0.095678737	24.909951733	-133.296845744	160.966578581	 0.365543669	         0.000678473	         0.000347043	         0.001025516
 20646	     -355000	 0.095681203	24.598901010	-126.900619621	160.505400126	 0.350075799	         0.000359487	         0.000129556	         0.000489043
 20647	     -354000	 0.095478796	24.290557143	-120.577278446	160.015714892	 0.335388614	         0.000135199	         0.000014736	         0.000149936
 20648	     -353000	 0.095458718	23.985774359	-114.221628093	159.495662032	 0.321476709	         0.000005486	         0.000001783	         0.000007269
 20649	     -352000	 0.095398327	23.684513463	-107.865729250	158.945635648	 0.308292754	         0.000000716	         0.000000017	         0.000000733
 20650	     -351000	 0.095240376	23.389076636	-101.504116105	158.370479651	 0.295888920	         0.000000000	         0.000000000	         0.000000000
 20651	     -350000	 0.095096122	23.099399909	-95.173340010	157.750399371	 0.284211604	         0.000000000	         0.000000000	         0.000000000
 20652	     -349000	 0.094999252	22.816321285	-88.960469101	157.076227217	 0.273245626	         0.000000000	         0.000000000	         0.000000000
 20653	     -348000	 0.094841717	22.541726797	-82.657752735	156.362965925	 0.263012743	         0.000000000	         0.000000000	         0.000000000
 20654	     -347000	 0.094512503	22.274971487	-76.439575247	155.577791130	 0.253439084	         0.000000000	         0.000000000	         0.000000000
 20655	     -346000	 0.094194371	22.018276072	-70.308865275	154.711434283	 0.244555636	         0.000000000	         0.000000000	         0.000000000
 20656	     -345000	 0.093922140	21.772953009	-64.118712122	153.687487370	 0.236356895	         0.000000000	         0.000000000	         0.000000000
 20657	     -344000	 0.093300355	21.538672378	-57.930101235	152.300733174	 0.228783907	         0.000000000	         0.000000000	         0.000000000
 20658	     -343000	 0.092740138	21.318387692	-51.778747605	149.223496168	 0.221884805	         0.000000000	         0.000000000	         0.000000000
 20659	     -342000	 0.092169739	21.112794739	-45.610535095	149.223187607	 0.215633655	         0.000000000	         0.000000000	         0.000000000
 20660	     -341000	 0.091377557	20.922768657	-39.328442599	149.223844155	 0.210012553	         0.000000000	         0.000000000	         0.000000000
 20661	     -340000	 0.090607702	20.750964575	-33.105355782	149.225298768	 0.205056702	         0.000000000	         0.000000000	         0.000000000
 20662	     -339000	 0.089785060	20.597291952	-26.824862298	149.227596853	 0.200723039	         0.000000000	         0.000000000	         0.000000000
 20663	     -338000	 0.089049690	20.463408482	-20.398322624	149.230669631	 0.197022166	         0.000000000	         0.000000000	         0.000000000
 20664	     -337000	 0.088048229	20.351022249	-14.044232772	149.234610460	 0.193968263	         0.000000000	         0.000000000	         0.000000000
 20665	     -336000	 0.087204422	20.259465468	-7.571065312	149.239185494	 0.191515388	         0.000000000	         0.000000000	         0.000000000
 20666	     -335000	 0.086352283	20.189926936	-1.136674931	149.244328372	 0.189673145	         0.000000000	         0.000000000	         0.000000000
 20667	     -334000	 0.085383380	20.142635458	 5.477337224	149.250163308	 0.188430415	         0.000000000	         0.000000000	         0.000000000
 20668	     -333000	 0.084411295	20.117211449	12.081443414	149.256380516	 0.187765689	         0.000000000	         0.000000000	         0.000000000
 20669	     -332000	 0.083401064	20.113433214	18.708944067	149.262899298	 0.187667105	         0.000000000	         0.000000000	         0.000000000
 20670	     -331000	 0.082572941	20.130037738	25.472619980	149.269661429	 0.188100747	         0.000000000	         0.000000000	         0.000000000
 20671	     -330000	 0.081443003	20.167200157	32.335478137	149.276606286	 0.189074909	         0.000000000	         0.000000000	         0.000000000
 20672	     -329000	 0.080500513	20.223389509	39.240100701	149.283469060	 0.190557427	         0.000000000	         0.000000000	         0.000000000
 20673	     -328000	 0.079634605	20.296732395	46.215668489	149.290194533	 0.192510031	         0.000000000	         0.000000000	         0.000000000
 20674	     -327000	 0.078577853	20.387222098	53.398058906	149.296758640	 0.194946728	         0.000000000	         0.000000000	         0.000000000
 20675	     -326000	 0.077702044	20.492955878	60.513165202	149.302836493	 0.197833017	         0.000000000	         0.000000000	         0.000000000
 20676	     -325000	 0.076874934	20.612533407	67.807439301	149.308538912	 0.201148734	         0.000000000	         0.000000000	         0.000000000
 20677	     -324000	 0.076026922	20.745428963	75.252809962	149.313707723	 0.204898982	         0.000000000	         0.000000000	         0.000000000
 20678	     -323000	 0.075078032	20.889668314	82.739643953	149.318130600	 0.209048515	         0.000000000	         0.000000000	         0.000000000
 20679	     -322000	 0.074308601	21.044950268	90.312211677	149.321902779	 0.213609706	         0.000000000	         0.000000000	         0.000000000
 20680	     -321000	 0.073626079	21.210308968	98.027457036	149.324970728	 0.218576355	         0.000000000	         0.000000000	         0.000000000
 20681	     -320000	 0.072921001	21.384036563	105.993114824	149.327257908	 0.223918812	         0.000000000	         0.000000000	         0.000000000
 20682	     -319000	 0.072286571	21.566437244	113.968884955	149.328708258	 0.229668562	         0.000000000	         0.000000000	         0.000000000
 20683	     -318000	 0.071782063	21.755805647	122.015917729	151.404346244	 0.235794213	         0.000000000	         0.000000000	         0.000000000
 20684	     -317000	 0.071469228	21.951345971	130.242333881	152.454547980	 0.242291016	         0.000000000	         0.000000000	         0.000000000
 20685	     -316000	 0.071218657	22.152891551	138.541792199	153.196498552	 0.249174732	         0.000000000	         0.000000000	         0.000000000
 20686	     -315000	 0.071131593	22.358069468	146.863863896	153.887823294	 0.256383435	         0.000001592	         0.000000025	         0.000001617
 20687	     -314000	 0.071302845	22.566777481	155.194778428	154.513570857	 0.263930162	         0.000005761	         0.000001011	         0.000006773
 20688	     -313000	 0.071340423	22.778135986	163.633579606	155.128233939	 0.271799147	         0.000014532	         0.000003359	         0.000017891
 20689	     -312000	 0.071574712	22.989331129	171.928930362	155.730812486	 0.279896387	         0.000031613	         0.000006902	         0.000038516
 20690	     -311000	 0.072007583	23.200444603	-179.819118955	156.308471687	 0.288231581	         0.000058633	         0.000011796	         0.000070429
 20691	     -310000	 0.072435633	23.410285427	-171.337237843	156.896574374	 0.296762494	         0.000094394	         0.000018492	         0.000112886
 20692	     -309000	 0.072815138	23.616440169	-163.052700210	157.496626659	 0.305389388	         0.000137040	         0.000028014	         0.000165054
 20693	     -308000	 0.073357752	23.818722798	-154.748857363	158.093198139	 0.314097965	         0.000180186	         0.000040773	         0.000220959
 20694	     -307000	 0.074042058	24.015747619	-146.486384403	158.697286417	 0.322818866	         0.000223401	         0.000056835	         0.000280236
 20695	     -306000	 0.074696154	24.206766854	-138.105292044	159.290416115	 0.331505053	         0.000258906	         0.000071646	         0.000330553
 20696	     -305000	 0.075557625	24.391201100	-129.823929953	159.883080026	 0.340113509	         0.000289643	         0.000085360	         0.000375003
 20697	     -304000	 0.076377067	24.567896569	-121.626986070	160.460417321	 0.348570353	         0.000314383	         0.000096656	         0.000411039
 20698	     -303000	 0.077451680	24.737473639	-113.380141953	161.027820128	 0.356884177	         0.000333931	         0.000105399	         0.000439330
 20699	     -302000	 0.078480766	24.899335336	-105.303738132	161.568406521	 0.365004642	         0.000353706	         0.000114942	         0.000468649
 20700	     -301000	 0.079630201	25.052921120	-97.282718187	162.080017392	 0.372880687	         0.000375718	         0.000126720	         0.000502437
 20701	     -300000	 0.080903243	25.199214132	-89.348119639	162.560443883	 0.380540733	         0.000406202	         0.000148247	         0.000554449
 20702	     -299000	 0.081999178	25.337839010	-81.409543892	162.998192004	 0.387944420	         0.000454802	         0.000183461	         0.000638263
 20703	     -298000	 0.083175234	25.468650731	-73.690182950	163.385351049	 0.395062868	         0.000524559	         0.000232351	         0.000756910
 20704	     -297000	 0.084359125	25.592347749	-66.029577308	163.727516184	 0.401914266	         0.000620317	         0.000299112	         0.000919430
 20705	     -296000	 0.085667785	25.708550321	-58.264456530	164.022998478	 0.408458760	         0.000744502	         0.000386452	         0.001130954
 20706	     -295000	 0.086664229	25.817485501	-50.699569976	164.247122716	 0.414690701	         0.000899817	         0.000496150	         0.001395967
 20707	     -294000	 0.087846039	25.919110591	-43.181819527	164.425969729	 0.420590145	         0.001090625	         0.000631474	         0.001722098
 20708	     -293000	 0.089044832	26.013157496	-35.710862504	164.552115804	 0.426124412	         0.001320328	         0.000794872	         0.002115199
 20709	     -292000	 0.090119097	26.100038179	-28.243035392	164.624475520	 0.431301666	         0.001595136	         0.000991554	         0.002586690
 20710	     -291000	 0.091281225	26.179124500	-20.941232881	164.656045129	 0.436069121	         0.001913130	         0.001219226	         0.003132356
 20711	     -290000	 0.092364043	26.250520815	-13.661842040	164.643020525	 0.440418254	         0.002279482	         0.001482291	         0.003761773
 20712	     -289000	 0.093427792	26.314615124	-6.410964304	164.558228168	 0.444359519	         0.002655964	         0.001751394	         0.004407357
 20713	     -288000	 0.094440530	26.370908672	 0.704580500	164.525985243	 0.447850184	         0.003176107	         0.002128197	         0.005304304
 20714	     -287000	 0.095354683	26.419936858	 7.739381168	164.521059713	 0.450912669	         0.003811421	         0.002592628	         0.006404049
 20715	     -286000	 0.096341535	26.462101023	14.778502088	164.311632854	 0.453563146	         0.004255608	         0.002915895	         0.007171504
 20716	     -285000	 0.097090557	26.497298816	21.797651190	164.168665917	 0.455787638	         0.004842982	         0.003345739	         0.008188721
 20717	     -284000	 0.097818075	26.526481003	28.676732487	164.116046054	 0.457640215	         0.005630100	         0.003927175	         0.009557276
 20718	     -283000	 0.098556954	26.549898790	35.504944491	163.959346450	 0.459132294	         0.006278587	         0.004406337	         0.010684924
 20719	     -282000	 0.099219108	26.567924135	42.440036648	163.796950776	 0.460284103	         0.006949680	         0.004905478	         0.011855159
 20720	     -281000	 0.099755963	26.581636015	49.212976555	163.637605437	 0.461162219	         0.007604549	         0.005393247	         0.012997797
 20721	     -280000	 0.100294624	26.591081442	55.921878912	163.475763032	 0.461768083	         0.008225576	         0.005857754	         0.014083330
 20722	     -279000	 0.100914162	26.596933314	62.698414615	163.316178409	 0.462143843	         0.008834354	         0.006314818	         0.015149172
 20723	     -278000	 0.101266408	26.599884661	69.343949588	163.164247711	 0.462333470	         0.009363632	         0.006713200	         0.016076833
 20724	     -277000	 0.101672351	26.599985363	75.957946959	163.021692639	 0.462339942	         0.009843352	         0.007075828	         0.016919180
 20725	     -276000	 0.102092817	26.597920752	82.496887004	162.891050113	 0.462207278	         0.010253394	         0.007385685	         0.017639079
 20726	     -275000	 0.102279340	26.593967959	89.067544626	162.767545027	 0.461953393	         0.010558024	         0.007615234	         0.018173258
 20727	     -274000	 0.102499611	26.588266270	95.512695399	162.662823580	 0.461587424	         0.010778090	         0.007781805	         0.018559895
 20728	     -273000	 0.102528135	26.581350400	101.965558904	162.459693086	 0.461143911	         0.010504232	         0.007563853	         0.018068085
 20729	     -272000	 0.102638078	26.573195321	108.422531329	162.372427255	 0.460621475	         0.010473088	         0.007537858	         0.018010946
 20730	     -271000	 0.102473106	26.564087181	114.838346049	162.403833839	 0.460038682	         0.010661291	         0.007681390	         0.018342681
 20731	     -270000	 0.102354550	26.554255164	121.253168846	162.347605110	 0.459410400	         0.010396668	         0.007477244	         0.017873912
 20732	     -269000	 0.102296248	26.543607091	127.609299467	162.304505429	 0.458730937	         0.010066538	         0.007221616	         0.017288154
 20733	     -268000	 0.102037441	26.532518769	134.094495346	162.284510994	 0.458024451	         0.009658154	         0.006908558	         0.016566712
 20734	     -267000	 0.101773466	26.520840546	140.399582108	162.271644493	 0.457281555	         0.009182007	         0.006546661	         0.015728668
 20735	     -266000	 0.101483838	26.508664689	146.712390923	162.277838694	 0.456508286	         0.008674129	         0.006159923	         0.014834051
 20736	     -265000	 0.101260566	26.496190185	153.120811776	162.306575341	 0.455717407	         0.008144730	         0.005756466	         0.013901195
 20737	     -264000	 0.100774896	26.483131370	159.399299417	162.355554612	 0.454890950	         0.007587272	         0.005336388	         0.012923660
 20738	     -263000	 0.100357253	26.469649072	165.672694153	162.416296761	 0.454039265	         0.007012447	         0.004902562	         0.011915009
 20739	     -262000	 0.099913047	26.455669016	171.973360935	162.495812119	 0.453157820	         0.006437487	         0.004472181	         0.010909668
 20740	     -261000	 0.099306396	26.440969158	178.286988099	162.581497254	 0.452232837	         0.005844964	         0.004031691	         0.009876654
 20741	     -260000	 0.098684159	26.425632013	-175.482433393	162.682823510	 0.451269765	         0.005285965	         0.003617147	         0.008903113
 20742	     -259000	 0.098000006	26.409433762	-169.185655810	162.799564004	 0.450254849	         0.004740422	         0.003215404	         0.007955825
 20743	     -258000	 0.097239175	26.392335359	-162.822195829	162.857037539	 0.449186008	         0.004133831	         0.002771189	         0.006905020
 20744	     -257000	 0.096463176	26.374245346	-156.512997135	163.011591985	 0.448057944	         0.003681919	         0.002443000	         0.006124919
 20745	     -256000	 0.095611291	26.354847716	-150.189586488	163.176226570	 0.446851485	         0.003267609	         0.002143674	         0.005411283
 20746	     -255000	 0.094905072	26.334264963	-143.802229612	163.344386029	 0.445574869	         0.002885900	         0.001868845	         0.004754745
 20747	     -254000	 0.093973777	26.312121915	-137.376640101	163.514954867	 0.444205550	         0.002540755	         0.001622369	         0.004163124
 20748	     -253000	 0.093064129	26.288292216	-131.032088052	163.674542908	 0.442736630	         0.002234564	         0.001404689	         0.003639252
 20749	     -252000	 0.092270861	26.262756341	-124.693317508	163.836345801	 0.441167927	         0.001969173	         0.001217042	         0.003186215
 20750	     -251000	 0.091319608	26.234987488	-118.200660637	163.983422758	 0.439468359	         0.001731354	         0.001050099	         0.002781452
 20751	     -250000	 0.090287261	26.205101319	-111.797498010	164.113167857	 0.437646516	         0.001532691	         0.000911221	         0.002443913
 20752	     -249000	 0.089277888	26.172698150	-105.413547627	164.220308593	 0.435679771	         0.001364825	         0.000794662	         0.002159487
 20753	     -248000	 0.088256798	26.137283786	-98.874069580	164.314534898	 0.433540365	         0.001226096	         0.000699001	         0.001925097
 20754	     -247000	 0.087061563	26.099049544	-92.388261084	164.366519369	 0.431242400	         0.001115916	         0.000623548	         0.001739464
 20755	     -246000	 0.085937024	26.057439325	-85.807785548	164.396464846	 0.428755371	         0.001030408	         0.000565739	         0.001596147
 20756	     -245000	 0.084837261	26.012087405	-79.205416717	164.397736644	 0.426061034	         0.000969600	         0.000525666	         0.001495266
 20757	     -244000	 0.083570284	25.963060743	-72.432099440	164.358822480	 0.423167424	         0.000931318	         0.000505156	         0.001436475
 20758	     -243000	 0.082473098	25.909767900	-65.770256756	164.290634922	 0.420044307	         0.000913675	         0.000497722	         0.001411397
 20759	     -242000	 0.081257461	25.852258478	-59.000409889	164.179804539	 0.416699937	         0.000912548	         0.000500562	         0.001413110
 20760	     -241000	 0.080212915	25.790305687	-52.102418923	164.040001356	 0.413126958	         0.000922938	         0.000511131	         0.001434069
 20761	     -240000	 0.078985752	25.723396119	-45.225849260	163.868464714	 0.409302512	         0.000945824	         0.000529750	         0.001475574
 20762	     -239000	 0.077809760	25.652017403	-38.305855899	163.664820901	 0.405261638	         0.000973006	         0.000551471	         0.001524477
 20763	     -238000	 0.076746489	25.575793674	-31.354512297	163.434521217	 0.400990518	         0.001000888	         0.000573586	         0.001574475
 20764	     -237000	 0.075574847	25.494512236	-24.181605469	163.176610407	 0.396485575	         0.001033521	         0.000599043	         0.001632564
 20765	     -236000	 0.074357476	25.408542225	-17.128978698	162.894787057	 0.391775836	         0.001059109	         0.000619439	         0.001678548
 20766	     -235000	 0.073234805	25.317848233	-9.946566947	162.598268485	 0.386867928	         0.001082726	         0.000638547	         0.001721273
 20767	     -234000	 0.072168182	25.222592556	-2.545388764	162.287024787	 0.381779350	         0.001105408	         0.000655787	         0.001761195
 20768	     -233000	 0.070952499	25.122773472	 4.818408780	161.969292607	 0.376518797	         0.001121044	         0.000668437	         0.001789480
 20769	     -232000	 0.069936016	25.018740658	12.301997103	161.634163589	 0.371113302	         0.001120893	         0.000671605	         0.001792498
 20770	     -231000	 0.068973301	24.911019289	19.959323455	161.292947342	 0.365597917	         0.001112045	         0.000668635	         0.001780679
 20771	     -230000	 0.067997009	24.799561091	27.664641583	160.950025852	 0.359977472	         0.001090396	         0.000656023	         0.001746418
 20772	     -229000	 0.067151105	24.684901400	35.390531236	160.596577749	 0.354285737	         0.001048834	         0.000629754	         0.001678588
 20773	     -228000	 0.066404574	24.567622096	43.214197110	160.249565044	 0.348557054	         0.001000301	         0.000597254	         0.001597555
 20774	     -227000	 0.065653857	24.447706677	51.243808581	159.895365141	 0.342795373	         0.000936639	         0.000554895	         0.001491534
 20775	     -226000	 0.064951709	24.325966181	59.206724666	159.543540900	 0.337043418	         0.000860793	         0.000502934	         0.001363727
 20776	     -225000	 0.064316222	24.202554775	67.232864090	159.190327941	 0.331311021	         0.000774995	         0.000444104	         0.001219099
 20777	     -224000	 0.063895073	24.077650183	75.403386954	158.839360170	 0.325608531	         0.000684985	         0.000382521	         0.001067505
 20778	     -223000	 0.063424803	23.952189204	83.740377449	158.487975217	 0.319979445	         0.000590373	         0.000318696	         0.000909069
 20779	     -222000	 0.063026532	23.826103948	92.021320640	158.137058109	 0.314420389	         0.000493425	         0.000253670	         0.000747095
 20780	     -221000	 0.062815824	23.699807263	100.345313738	157.794686167	 0.308948831	         0.000403008	         0.000194781	         0.000597789
 20781	     -220000	 0.062794824	23.573951502	108.899672022	157.443171273	 0.303591096	         0.000315782	         0.000140396	         0.000456178
 20782	     -219000	 0.062824091	23.448913282	117.361595541	157.088028790	 0.298360177	         0.000235953	         0.000093622	         0.000329576
 20783	     -218000	 0.063038376	23.325311978	125.783973139	156.735372996	 0.293277959	         0.000163861	         0.000056428	         0.000220289
 20784	     -217000	 0.063548061	23.203501937	134.368671742	156.390703252	 0.288354097	         0.000106115	         0.000029115	         0.000135230
 20785	     -216000	 0.063922666	23.084272426	142.734028062	156.048253493	 0.283614615	         0.000062764	         0.000013379	         0.000076143
 20786	     -215000	 0.064617805	22.968865474	151.067261629	155.720867838	 0.279101289	         0.000034832	         0.000006872	         0.000041704
 20787	     -214000	 0.065394522	22.857430117	159.352650667	155.401251610	 0.274811455	         0.000018059	         0.000003766	         0.000021825
 20788	     -213000	 0.066235999	22.750743597	167.744935617	155.090686426	 0.270766228	         0.000009144	         0.000001798	         0.000010942
 20789	     -212000	 0.067152140	22.650412830	175.864595794	154.798194614	 0.267016337	         0.000004566	         0.000000599	         0.000005165
 20790	     -211000	 0.068139249	22.556723721	-175.963985569	154.512433112	 0.263561584	         0.000001878	         0.000000024	         0.000001902
 20791	     -210000	 0.069443814	22.470342526	-167.940219215	154.278970666	 0.260415927	         0.000000513	         0.000000000	         0.000000513
 20792	     -209000	 0.070617138	22.392214097	-159.815565426	154.097328060	 0.257603149	         0.000000002	         0.000000000	         0.000000002
 20793	     -208000	 0.071985370	22.322864136	-151.888184450	153.931323047	 0.255131877	         0.000000000	         0.000000000	         0.000000000
 20794	     -207000	 0.073458104	22.262747901	-144.068381244	153.810877778	 0.253008837	         0.000000000	         0.000000000	         0.000000000
 20795	     -206000	 0.075120855	22.212035729	-136.251320771	153.745235235	 0.251231651	         0.000000000	         0.000000000	         0.000000000
 20796	     -205000	 0.076737766	22.170958981	-128.643093562	153.726651857	 0.249801289	         0.000000000	         0.000000000	         0.000000000
 20797	     -204000	 0.078482218	22.139849133	-121.130412554	153.750012065	 0.248723413	         0.000000000	         0.000000000	         0.000000000
 20798	     -203000	 0.080369184	22.118414728	-113.637767311	153.841543776	 0.247983474	         0.000000000	         0.000000000	         0.000000000
 20799	     -202000	 0.082010663	22.106386947	-106.283407002	153.980147612	 0.247569226	         0.000000000	         0.000000000	         0.000000000
 20800	     -201000	 0.083790603	22.103921105	-99.101902423	154.177915158	 0.247484386	         0.000000000	         0.000000000	         0.000000000
 20801	     -200000	 0.085686492	22.110667977	-91.904583528	154.407613175	 0.247716589	         0.000000000	         0.000000000	         0.000000000
 20802	     -199000	 0.087488192	22.126492948	-84.673451494	154.686303493	 0.248262084	         0.000000000	         0.000000000	         0.000000000
 20803	     -198000	 0.089182195	22.151081704	-77.634370465	154.977635044	 0.249112055	         0.000000000	         0.000000000	         0.000000000
 20804	     -197000	 0.090949752	22.184204048	-70.570546328	155.294363377	 0.250261613	         0.000000000	         0.000000000	         0.000000000
 20805	     -196000	 0.092820032	22.225967428	-63.566359241	155.613519471	 0.251718634	         0.000000000	         0.000000000	         0.000000000
 20806	     -195000	 0.094580526	22.275899917	-56.587194676	155.934953561	 0.253471793	         0.000000000	         0.000000000	         0.000000000
 20807	     -194000	 0.096340585	22.333865163	-49.627717610	156.249389281	 0.255522308	         0.000000000	         0.000000000	         0.000000000
 20808	     -193000	 0.098168556	22.399929310	-42.788044175	156.551813630	 0.257879555	         0.000000000	         0.000000000	         0.000000000
 20809	     -192000	 0.099890725	22.473573327	-35.889283201	156.829186814	 0.260532901	         0.000000000	         0.000000000	         0.000000000
 20810	     -191000	 0.101491539	22.554538609	-29.109355819	157.080239089	 0.263481545	         0.000000000	         0.000000000	         0.000000000
 20811	     -190000	 0.103119931	22.642429967	-22.371864886	157.316142067	 0.266720215	         0.000000000	         0.000000000	         0.000000000
 20812	     -189000	 0.104762165	22.736553467	-15.542574495	157.537887471	 0.270232687	         0.000000000	         0.000000000	         0.000000000
 20813	     -188000	 0.106077970	22.836500981	-8.811766849	157.723657969	 0.274013149	         0.000000000	         0.000000000	         0.000000000
 20814	     -187000	 0.107434669	22.941096784	-2.088670295	157.901465529	 0.278026077	         0.000000000	         0.000000000	         0.000000000
 20815	     -186000	 0.108857953	23.049636574	 4.601140026	158.075219451	 0.282252467	         0.000000000	         0.000000000	         0.000000000
 20816	     -185000	 0.109993015	23.161433163	11.391258749	158.208330212	 0.286672850	         0.000000000	         0.000000000	         0.000000000
 20817	     -184000	 0.111154276	23.274779793	18.075142745	158.337372077	 0.291225200	         0.000010862	         0.000000000	         0.000010862
 20818	     -183000	 0.112174784	23.389163525	24.767088913	158.438331965	 0.295892493	         0.000069019	         0.000000000	         0.000069019
 20819	     -182000	 0.113292991	23.503736141	31.529888471	158.538223883	 0.300642480	         0.000166862	         0.000027631	         0.000194493
 20820	     -181000	 0.114098547	23.616823358	38.170783280	158.618629642	 0.305405654	         0.000298272	         0.000099034	         0.000397306
 20821	     -180000	 0.114960379	23.728200033	44.897340348	158.685498805	 0.310170537	         0.000462398	         0.000217749	         0.000680147
 20822	     -179000	 0.115733283	23.837101090	51.534811325	158.749686879	 0.314901380	         0.000652764	         0.000360869	         0.001013633
 20823	     -178000	 0.116291999	23.942451895	58.238455679	158.799139030	 0.319546650	         0.000864738	         0.000521011	         0.001385749
 20824	     -177000	 0.116752823	24.044306989	64.896406369	158.847509681	 0.324102924	         0.001100650	         0.000698267	         0.001798918
 20825	     -176000	 0.117113408	24.141974794	71.546340623	158.884154421	 0.328532890	         0.001349154	         0.000884848	         0.002234002
 20826	     -175000	 0.117516548	24.235187222	78.283318756	158.917153333	 0.332817231	         0.001614215	         0.001083726	         0.002697940
 20827	     -174000	 0.117497825	24.323989648	84.966749026	158.958029705	 0.336950832	         0.001885237	         0.001285393	         0.003170631
 20828	     -173000	 0.117583481	24.407713955	91.663245088	158.987854000	 0.340895064	         0.002145402	         0.001478393	         0.003623795
 20829	     -172000	 0.117702337	24.486545874	98.375414067	159.145621714	 0.344651009	         0.002560736	         0.001786666	         0.004347402
 20830	     -171000	 0.117448939	24.560379233	105.125170560	159.177529103	 0.348206318	         0.002785489	         0.001952380	         0.004737869
 20831	     -170000	 0.117294616	24.628515563	111.794927404	159.085398034	 0.351519829	         0.002796827	         0.001957735	         0.004754562
 20832	     -169000	 0.117051204	24.691056478	118.488750371	159.127303690	 0.354588978	         0.002923016	         0.002047762	         0.004970778
 20833	     -168000	 0.116694469	24.747679595	125.220845564	159.306241738	 0.357390822	         0.003194180	         0.002245536	         0.005439716
 20834	     -167000	 0.116144314	24.797742697	131.875763886	159.252622462	 0.359886497	         0.003056619	         0.002138435	         0.005195054
 20835	     -166000	 0.115557965	24.841092169	138.527230329	159.412826962	 0.362061567	         0.003176080	         0.002222636	         0.005398716
 20836	     -165000	 0.114953875	24.877326778	145.204853870	159.481069412	 0.363889730	         0.003102973	         0.002164641	         0.005267613
 20837	     -164000	 0.114064495	24.906202684	151.887366120	159.551243666	 0.365353228	         0.002970756	         0.002060188	         0.005030944
 20838	     -163000	 0.113160022	24.927437228	158.570460530	159.633735110	 0.366433198	         0.002805188	         0.001932411	         0.004737598
 20839	     -162000	 0.112205950	24.940877468	165.212851485	159.718361461	 0.367118406	         0.002602302	         0.001777253	         0.004379555
 20840	     -161000	 0.111128841	24.946788821	171.954724633	159.813566881	 0.367420183	         0.002371890	         0.001602292	         0.003974182
 20841	     -160000	 0.109982723	24.945086042	178.648317645	159.912729401	 0.367333230	         0.002127761	         0.001418086	         0.003545847
 20842	     -159000	 0.108782538	24.936099830	-174.666274991	160.018998781	 0.366874686	         0.001879630	         0.001232021	         0.003111651
 20843	     -158000	 0.107715009	24.920407394	-167.903733872	160.150142011	 0.366075314	         0.001642204	         0.001054541	         0.002696744
 20844	     -157000	 0.106270321	24.898263706	-161.189282645	160.135701836	 0.364950276	         0.001321956	         0.000820732	         0.002142688
 20845	     -156000	 0.104922200	24.870426901	-154.498520536	160.267003778	 0.363540897	         0.001111955	         0.000666321	         0.001778276
 20846	     -155000	 0.103729263	24.837516634	-147.811480016	160.390352728	 0.361881667	         0.000915923	         0.000523153	         0.001439076
 20847	     -154000	 0.102168826	24.799988809	-141.049107898	160.518820161	 0.359998874	         0.000736518	         0.000393442	         0.001129960
 20848	     -153000	 0.100670931	24.758772243	-134.374251356	160.632698060	 0.357942300	         0.000577141	         0.000279346	         0.000856488
 20849	     -152000	 0.099050831	24.714288333	-127.673192223	160.744857683	 0.355735877	         0.000438404	         0.000181749	         0.000620153
 20850	     -151000	 0.097504847	24.666984470	-120.928289197	160.849691439	 0.353404503	         0.000318577	         0.000099575	         0.000418152
 20851	     -150000	 0.095713095	24.617669046	-114.195970824	160.931768608	 0.350990254	         0.000216627	         0.000034119	         0.000250746
 20852	     -149000	 0.094027396	24.566731161	-107.364459453	161.005272466	 0.348513892	         0.000131268	         0.000003732	         0.000135000
 20853	     -148000	 0.092350801	24.514663224	-100.601377313	161.047699600	 0.346000648	         0.000070009	         0.000000923	         0.000070932
 20854	     -147000	 0.090555507	24.461999598	-93.694027070	161.078476497	 0.343477087	         0.000037360	         0.000000070	         0.000037430
 20855	     -146000	 0.088844758	24.409155167	-86.883208268	161.079085515	 0.340963362	         0.000019378	         0.000000000	         0.000019378
 20856	     -145000	 0.087160066	24.356869149	-80.031519317	161.062245903	 0.338494306	         0.000010489	         0.000000000	         0.000010489
 20857	     -144000	 0.085545294	24.305603580	-73.072406637	161.020784224	 0.336090799	         0.000006132	         0.000000000	         0.000006132
 20858	     -143000	 0.083716342	24.255741123	-66.165386214	160.944460665	 0.333769447	         0.000004774	         0.000000000	         0.000004774
 20859	     -142000	 0.082025317	24.208367750	-59.274259003	160.854292705	 0.331578829	         0.000005514	         0.000000000	         0.000005514
 20860	     -141000	 0.080457978	24.164038814	-52.329228644	160.745526628	 0.329542014	         0.000007875	         0.000000000	         0.000007875
 20861	     -140000	 0.078696245	24.123134581	-45.216632012	160.618205694	 0.327673657	         0.000012819	         0.000000000	         0.000012819
 20862	     -139000	 0.076969496	24.086768000	-38.227399418	160.479306973	 0.326021461	         0.000020123	         0.000000000	         0.000020123
 20863	     -138000	 0.075366589	24.055487843	-31.109108763	160.335005724	 0.324607016	         0.000030380	         0.000000000	         0.000030380
 20864	     -137000	 0.073717305	24.029761119	-23.857142940	160.187985440	 0.323448290	         0.000044758	         0.000000000	         0.000044758
 20865	     -136000	 0.072128219	24.010365752	-16.608955727	160.044246543	 0.322577462	         0.000063667	         0.000000000	         0.000063667
 20866	     -135000	 0.070672647	23.997586095	-9.235159750	159.901795553	 0.322004953	         0.000087302	         0.000000000	         0.000087302
 20867	     -134000	 0.069340845	23.991884948	-1.796399738	159.776172520	 0.321749878	         0.000118774	         0.000002130	         0.000120903
 20868	     -133000	 0.067942036	23.993669277	 5.696256998	159.664889214	 0.321829689	         0.000158421	         0.000014302	         0.000172724
 20869	     -132000	 0.066729839	24.002764835	13.248810693	159.567467827	 0.322236830	         0.000206461	         0.000034777	         0.000241238
 20870	     -131000	 0.065701973	24.019470099	20.755278576	159.483143450	 0.322985943	         0.000263150	         0.000064986	         0.000328136
 20871	     -130000	 0.064694497	24.043863929	28.501796313	159.419016539	 0.324082964	         0.000335854	         0.000113599	         0.000449453
 20872	     -129000	 0.063656618	24.075520037	36.212048969	159.367981359	 0.325512136	         0.000415746	         0.000172698	         0.000588444
 20873	     -128000	 0.062814077	24.114552563	43.884172650	159.336624014	 0.327283008	         0.000504115	         0.000239017	         0.000743132
 20874	     -127000	 0.062190036	24.160709998	51.712946281	159.319996753	 0.329389569	         0.000602486	         0.000313011	         0.000915497
 20875	     -126000	 0.061444730	24.213616146	59.658084167	159.318705113	 0.331820813	         0.000709900	         0.000393248	         0.001103147
 20876	     -125000	 0.060905279	24.273210693	67.612219870	159.338928259	 0.334580914	         0.000828882	         0.000481681	         0.001310563
 20877	     -124000	 0.060605483	24.338983445	75.549732808	159.372472625	 0.337653816	         0.000956169	         0.000576426	         0.001532595
 20878	     -123000	 0.060322707	24.410708946	83.744650553	159.421467073	 0.341037009	         0.001093844	         0.000677806	         0.001771650
 20879	     -122000	 0.060240268	24.488082597	91.730660396	159.486134371	 0.344724636	         0.001237710	         0.000783771	         0.002021482
 20880	     -121000	 0.060310521	24.570445804	99.843564380	159.691305029	 0.348693888	         0.001483384	         0.000961582	         0.002444967
 20881	     -120000	 0.060615009	24.657823538	107.946702881	159.653690842	 0.352954775	         0.001541098	         0.001004324	         0.002545422
 20882	     -119000	 0.060830186	24.749662816	115.985485139	159.759394585	 0.357489357	         0.001679209	         0.001103240	         0.002782449
 20883	     -118000	 0.061370590	24.845188461	123.980184656	160.020789417	 0.362267778	         0.001938653	         0.001288679	         0.003227332
 20884	     -117000	 0.061949112	24.944408877	131.926993379	160.162545534	 0.367298656	         0.002076359	         0.001386140	         0.003462499
 20885	     -116000	 0.062656318	25.046557463	139.966530563	160.321272681	 0.372551002	         0.002209265	         0.001479255	         0.003688520
 20886	     -115000	 0.063344079	25.150981367	147.884613261	160.503365612	 0.377997987	         0.002336124	         0.001566392	         0.003902515
 20887	     -114000	 0.064212536	25.257231565	155.720333812	160.701067518	 0.383621982	         0.002448109	         0.001641729	         0.004089839
 20888	     -113000	 0.065340905	25.364427051	163.588820020	160.865214714	 0.389380813	         0.002484297	         0.001660424	         0.004144720
 20889	     -112000	 0.066309641	25.472179031	171.506143729	161.108859067	 0.395256667	         0.002551454	         0.001700976	         0.004252430
 20890	     -111000	 0.067510544	25.579401868	179.246661016	161.421427860	 0.401191680	         0.002654923	         0.001767500	         0.004422422
 20891	     -110000	 0.068855438	25.685201799	-173.098507467	161.643291293	 0.407135278	         0.002616080	         0.001729814	         0.004345893
 20892	     -109000	 0.070223869	25.789257696	-165.346901108	161.885936247	 0.413066782	         0.002550108	         0.001673456	         0.004223563
 20893	     -108000	 0.071659924	25.890183728	-157.827053040	162.206800790	 0.418902417	         0.002516563	         0.001640893	         0.004157456
 20894	     -107000	 0.073248299	25.987304624	-150.343952519	162.542680703	 0.424595861	         0.002459364	         0.001591053	         0.004050417
 20895	     -106000	 0.074795665	26.080124831	-142.820398658	162.892673328	 0.430109493	         0.002376054	         0.001524004	         0.003900057
 20896	     -105000	 0.076303131	26.167376330	-135.424019480	163.244025998	 0.435357603	         0.002276393	         0.001446256	         0.003722649
 20897	     -104000	 0.077944678	26.249028824	-128.132242408	163.592751135	 0.440326927	         0.002163691	         0.001360530	         0.003524221
 20898	     -103000	 0.079653700	26.324399442	-120.835778795	163.943278675	 0.444964268	         0.002045063	         0.001271884	         0.003316947
 20899	     -102000	 0.081245405	26.392558106	-113.497879067	164.288001359	 0.449199916	         0.001926670	         0.001184872	         0.003111542
 20900	     -101000	 0.082905851	26.454010751	-106.255601474	164.611907798	 0.453053379	         0.001813648	         0.001103020	         0.002916668
 20901	     -100000	 0.084561943	26.508018289	-99.117519156	164.919562913	 0.456467271	         0.001718152	         0.001034679	         0.002752832
 20902	      -99000	 0.086389596	26.554242789	-91.905895043	165.199815402	 0.459409609	         0.001632762	         0.000974199	         0.002606961
 20903	      -98000	 0.088081511	26.593184343	-84.744085779	165.447576834	 0.461903079	         0.001575570	         0.000934909	         0.002510479
 20904	      -97000	 0.089787700	26.624056541	-77.666208382	165.655040576	 0.463889473	         0.001543577	         0.000913747	         0.002457325
 20905	      -96000	 0.091655547	26.647071155	-70.662619373	165.820120087	 0.465375846	         0.001536536	         0.000912179	         0.002448715
 20906	      -95000	 0.093266542	26.662376195	-63.605205688	165.941727849	 0.466366941	         0.001572857	         0.000945065	         0.002517922
 20907	      -94000	 0.094958482	26.669034293	-56.669115065	166.003772138	 0.466798752	         0.001637619	         0.000996559	         0.002634178
 20908	      -93000	 0.096624922	26.667533742	-49.773580760	166.024246340	 0.466701399	         0.001741635	         0.001074519	         0.002816155
 20909	      -92000	 0.098202523	26.657526368	-42.752537474	165.986110977	 0.466052657	         0.001878489	         0.001176064	         0.003054552
 20910	      -91000	 0.099606850	26.638211146	-35.896984838	165.895250595	 0.464803069	         0.002043238	         0.001296713	         0.003339950
 20911	      -90000	 0.101130171	26.610110151	-28.990237958	165.753677347	 0.462991072	         0.002230112	         0.001434098	         0.003664209
 20912	      -89000	 0.102664151	26.572540978	-22.129805873	165.573947615	 0.460579581	         0.002442787	         0.001590399	         0.004033186
 20913	      -88000	 0.103938334	26.525369198	-15.179889311	165.345103410	 0.457569496	         0.002679508	         0.001764626	         0.004444134
 20914	      -87000	 0.105376627	26.469033618	-8.342102924	165.084883402	 0.454000424	         0.002923857	         0.001945296	         0.004869153
 20915	      -86000	 0.106668109	26.402954897	-1.543456330	164.795016976	 0.449849548	         0.003177501	         0.002132297	         0.005309798
 20916	      -85000	 0.108043764	26.327790236	 5.312996708	164.488669023	 0.445174038	         0.003450292	         0.002335404	         0.005785696
 20917	      -84000	 0.109259935	26.244140463	12.093140301	164.144241175	 0.440027834	         0.003686190	         0.002514611	         0.006200801
 20918	      -83000	 0.110408185	26.151993854	18.843266466	163.788915135	 0.434427732	         0.003908102	         0.002683384	         0.006591486
 20919	      -82000	 0.111609594	26.052463392	25.574114090	163.416315292	 0.428458923	         0.004093630	         0.002827320	         0.006920950
 20920	      -81000	 0.112501109	25.946124628	32.336435922	163.039975957	 0.422172409	         0.004249828	         0.002951263	         0.007201091
 20921	      -80000	 0.113406621	25.833775016	38.994944817	162.659199317	 0.415630725	         0.004351660	         0.003034439	         0.007386099
 20922	      -79000	 0.114262012	25.716485790	45.670824323	162.275037906	 0.408909551	         0.004403546	         0.003081793	         0.007485339
 20923	      -78000	 0.114959478	25.594536256	52.460908210	161.889205657	 0.402036548	         0.004405267	         0.003092569	         0.007497836
 20924	      -77000	 0.115469999	25.469291967	59.116301864	161.507713802	 0.395098082	         0.004334392	         0.003050552	         0.007384944
 20925	      -76000	 0.116021941	25.341276495	65.800550868	161.127844341	 0.388129828	         0.004207880	         0.002964727	         0.007172607
 20926	      -75000	 0.116517503	25.210584791	72.546362805	160.860110549	 0.381142662	         0.004227324	         0.002989979	         0.007217303
 20927	      -74000	 0.116826335	25.078499544	79.258085071	160.388881758	 0.374208787	         0.003804944	         0.002683718	         0.006488662
 20928	      -73000	 0.117170715	24.945015705	85.940955413	160.136398303	 0.367329639	         0.003717595	         0.002627092	         0.006344687
 20929	      -72000	 0.117469291	24.810374084	92.589489467	159.798863476	 0.360518927	         0.003425377	         0.002416997	         0.005842375
 20930	      -71000	 0.117543929	24.675477741	99.298374357	159.461752805	 0.353821966	         0.003090213	         0.002173624	         0.005263837
 20931	      -70000	 0.117618325	24.539939096	105.940208940	159.125534346	 0.347218406	         0.002731088	         0.001913064	         0.004644152
 20932	      -69000	 0.117522174	24.404474741	112.524463742	158.678711883	 0.340741610	         0.002220848	         0.001539728	         0.003760576
 20933	      -68000	 0.117449283	24.269751992	119.183202480	158.361797188	 0.334420100	         0.001879658	         0.001290663	         0.003170321
 20934	      -67000	 0.117090878	24.135524532	125.821109120	158.055603633	 0.328238464	         0.001552426	         0.001051852	         0.002604278
 20935	      -66000	 0.116695719	24.003138132	132.442937564	157.906155726	 0.322253551	         0.001373507	         0.000921710	         0.002295218
 20936	      -65000	 0.116303997	23.872912780	139.025205085	157.620843207	 0.316472812	         0.001096848	         0.000720649	         0.001817497
 20937	      -64000	 0.115626432	23.745097477	145.748638834	157.206913299	 0.310899904	         0.000780031	         0.000493812	         0.001273843
 20938	      -63000	 0.114999642	23.621418574	152.379810965	156.947600387	 0.305600790	         0.000595074	         0.000362695	         0.000957769
 20939	      -62000	 0.114283649	23.501979354	159.003532598	156.701584719	 0.300569074	         0.000442225	         0.000256382	         0.000698607
 20940	      -61000	 0.113531030	23.387438017	165.788285431	156.464897988	 0.295821533	         0.000314870	         0.000169948	         0.000484818
 20941	      -60000	 0.112551005	23.279325931	172.409679135	156.250189530	 0.291409287	         0.000216969	         0.000106434	         0.000323403
 20942	      -59000	 0.111658036	23.177564718	179.133667452	156.029600756	 0.287316374	         0.000139553	         0.000059946	         0.000199499
 20943	      -58000	 0.110711029	23.082932068	-174.188779185	155.849000470	 0.283561780	         0.000086160	         0.000031410	         0.000117569
 20944	      -57000	 0.109515538	22.996088468	-167.406446767	155.719334533	 0.280159408	         0.000049813	         0.000015509	         0.000065322
 20945	      -56000	 0.108363066	22.916897378	-160.680149192	155.616825517	 0.277092447	         0.000026531	         0.000007526	         0.000034057
 20946	      -55000	 0.107077802	22.845945713	-153.941067852	155.534874116	 0.274373115	         0.000013016	         0.000003287	         0.000016303
 20947	      -54000	 0.105870971	22.782890099	-147.097706932	155.496985622	 0.271978817	         0.000006143	         0.000001083	         0.000007226
 20948	      -53000	 0.104417335	22.727644816	-140.251906593	155.486828839	 0.269898264	         0.000002479	         0.000000087	         0.000002566
 20949	      -52000	 0.102994626	22.680345848	-133.366406660	155.510354168	 0.268129623	         0.000000640	         0.000000000	         0.000000640
 20950	      -51000	 0.101645415	22.640205081	-126.436007151	155.555090223	 0.266637742	         0.000000002	         0.000000000	         0.000000002
 20951	      -50000	 0.100119271	22.607092644	-119.417466034	155.634378279	 0.265413327	         0.000000000	         0.000000000	         0.000000000
 20952	      -49000	 0.098719944	22.580843085	-112.431172354	155.741730885	 0.264446681	         0.000000000	         0.000000000	         0.000000000
 20953	      -48000	 0.097327639	22.560765671	-105.413531728	155.856929916	 0.263709703	         0.000000000	         0.000000000	         0.000000000
 20954	      -47000	 0.095885444	22.546799816	-98.199139184	155.996157758	 0.263198272	         0.000000000	         0.000000000	         0.000000000
 20955	      -46000	 0.094317785	22.538581050	-91.111280432	156.130366160	 0.262897764	         0.000000000	         0.000000000	         0.000000000
 20956	      -45000	 0.092896913	22.535811908	-83.975039159	156.285217291	 0.262796591	         0.000000000	         0.000000000	         0.000000000
 20957	      -44000	 0.091485680	22.538513383	-76.684787866	156.423661941	 0.262895291	         0.000000000	         0.000000000	         0.000000000
 20958	      -43000	 0.089945496	22.546225509	-69.303197442	156.547890991	 0.263177262	         0.000000000	         0.000000000	         0.000000000
 20959	      -42000	 0.088494078	22.558982839	-61.940482079	156.670150612	 0.263644360	         0.000000000	         0.000000000	         0.000000000
 20960	      -41000	 0.087043053	22.576574128	-54.500406596	156.765545056	 0.264289809	         0.000000000	         0.000000000	         0.000000000
 20961	      -40000	 0.085663300	22.598675755	-46.906747096	156.860805275	 0.265102989	         0.000000000	         0.000000000	         0.000000000
 20962	      -39000	 0.084406687	22.625248227	-39.268699058	156.931361216	 0.266083977	         0.000000000	         0.000000000	         0.000000000
 20963	      -38000	 0.083106709	22.655842399	-31.584854197	156.969446616	 0.267217933	         0.000000000	         0.000000000	         0.000000000
 20964	      -37000	 0.082107173	22.690279986	-23.777141751	157.017835537	 0.268500125	         0.000000000	         0.000000000	         0.000000000
 20965	      -36000	 0.080938392	22.728272811	-15.967998783	157.039163326	 0.269921825	         0.000000000	         0.000000000	         0.000000000
 20966	      -35000	 0.079978433	22.769121224	-8.166579713	157.052295157	 0.271458781	         0.000000000	         0.000000000	         0.000000000
 20967	      -34000	 0.079200362	22.812710091	-0.359243973	157.078310122	 0.273108503	         0.000000000	         0.000000000	         0.000000000
 20968	      -33000	 0.078368383	22.858599208	 7.685635996	157.084165456	 0.274856117	         0.000000000	         0.000000000	         0.000000000
 20969	      -32000	 0.077598151	22.906127907	15.553126894	157.095458074	 0.276677962	         0.000000000	         0.000000000	         0.000000000
 20970	      -31000	 0.076900570	22.955183869	23.468249189	157.089584944	 0.278571015	         0.000000000	         0.000000000	         0.000000000
 20971	      -30000	 0.076487262	23.005260569	31.480229612	157.089624944	 0.280516818	         0.000000000	         0.000000000	         0.000000000
 20972	      -29000	 0.075902330	23.056244648	39.540608954	157.093290064	 0.282511841	         0.000000000	         0.000000000	         0.000000000
 20973	      -28000	 0.075595269	23.107801237	47.564478212	157.090206529	 0.284543696	         0.000008345	         0.000000000	         0.000008345
 20974	      -27000	 0.075350067	23.159537581	55.577029363	157.096788586	 0.286597325	         0.000041145	         0.000000000	         0.000041145
 20975	      -26000	 0.075234139	23.211862617	63.692760471	157.103068252	 0.288689398	         0.000082999	         0.000000586	         0.000083585
 20976	      -25000	 0.075264147	23.264376467	71.597343917	157.110804488	 0.290804374	         0.000127245	         0.000017157	         0.000144402
 20977	      -24000	 0.075386364	23.316994403	79.578954515	157.123566994	 0.292939084	         0.000174752	         0.000048168	         0.000222920
 20978	      -23000	 0.075664484	23.370248521	87.487799704	157.141395986	 0.295115559	         0.000223854	         0.000081745	         0.000305599
 20979	      -22000	 0.075904585	23.423836015	95.314103165	157.160567609	 0.297321982	         0.000271688	         0.000115435	         0.000387123
 20980	      -21000	 0.076213925	23.477962509	103.033806906	157.198082807	 0.299567344	         0.000320992	         0.000150569	         0.000471561
 20981	      -20000	 0.076713896	23.533051402	110.676182490	157.240582027	 0.301870043	         0.000368703	         0.000184567	         0.000553271
 20982	      -19000	 0.077230707	23.588964380	118.452530545	157.279529773	 0.304225289	         0.000410225	         0.000214482	         0.000624708
 20983	      -18000	 0.077641295	23.646252412	125.960268988	157.338525879	 0.306657517	         0.000441674	         0.000236669	         0.000678342
 20984	      -17000	 0.078233217	23.705011777	133.450221427	157.414630572	 0.309172414	         0.000471362	         0.000256570	         0.000727932
 20985	      -16000	 0.079013665	23.765397277	140.960763547	157.528381557	 0.311778401	         0.000509279	         0.000281451	         0.000790730
 20986	      -15000	 0.079622813	23.828158458	148.371787505	157.640354019	 0.314510193	         0.000537127	         0.000299318	         0.000836445
 20987	      -14000	 0.080432836	23.893156113	155.665201935	157.771101939	 0.317364565	         0.000563217	         0.000315422	         0.000878639
 20988	      -13000	 0.081318133	23.960901417	162.914934246	158.075892061	 0.320367174	         0.000646050	         0.000368626	         0.001014676
 20989	      -12000	 0.082179039	24.031878352	170.097559659	158.113710506	 0.323543493	         0.000607007	         0.000339479	         0.000946486
 20990	      -11000	 0.083078657	24.105961246	177.133908653	158.318208455	 0.326892403	         0.000620438	         0.000344766	         0.000965205
 20991	      -10000	 0.084058613	24.183811399	-175.917851386	158.687569233	 0.330448970	         0.000684381	         0.000382798	         0.001067179
 20992	       -9000	 0.085022293	24.265555248	-168.930289777	158.787426923	 0.334225074	         0.000623484	         0.000337718	         0.000961203
 20993	       -8000	 0.085893190	24.351202710	-162.124041770	159.084837519	 0.338227801	         0.000623466	         0.000332517	         0.000955983
 20994	       -7000	 0.086789046	24.441161342	-155.329110324	159.412443395	 0.342483639	         0.000618858	         0.000323903	         0.000942761
 20995	       -6000	 0.087816822	24.535253348	-148.611102880	159.761097644	 0.346992330	         0.000608723	         0.000311507	         0.000920229
 20996	       -5000	 0.088700617	24.633724519	-141.855828162	160.132228534	 0.351774438	         0.000591263	         0.000294419	         0.000885682
 20997	       -4000	 0.089582487	24.736458153	-135.201045521	160.528473903	 0.356833806	         0.000572883	         0.000276983	         0.000849866
 20998	       -3000	 0.090497330	24.843270758	-128.653555394	160.942000444	 0.362171224	         0.000553588	         0.000259519	         0.000813107
 20999	       -2000	 0.091571466	24.954662590	-121.964549131	161.378272446	 0.367822528	         0.000531592	         0.000240266	         0.000771858
 21000	       -1000	 0.092413567	25.070009643	-115.454439254	161.812490136	 0.373767445	         0.000512640	         0.000223837	         0.000736477
 21001	           0	 0.093315101	25.189417000	-108.955069177	162.262495141	 0.380022865	         0.000500234	         0.000211900	         0.000712134
