LaskarTimestep	time_years	ecc	obl	Lsp	Tsurf	SF12	ForcedConv	FreeConv	TotalSubl
 20501	     -500000	 0.053483653	32.703763755	-67.814367410	167.979076623	 0.495471909	         0.004749449	         0.001087099	         0.005836548
 20502	     -499000	 0.053288153	32.488620538	-59.367825181	167.735859556	 0.484587942	         0.004508971	         0.001035648	         0.005544619
 20503	     -498000	 0.053377802	32.256228450	-50.865905620	167.457561555	 0.472908448	         0.004304551	         0.000992756	         0.005297308
 20504	     -497000	 0.053647700	32.006039467	-42.223229794	167.191867686	 0.460432689	         0.004204808	         0.000978332	         0.005183140
 20505	     -496000	 0.054047376	31.738155109	-33.689989970	166.838109108	 0.447197684	         0.004047391	         0.000946535	         0.004993926
 20506	     -495000	 0.054631131	31.454701396	-25.262552658	166.452637296	 0.433343958	         0.003893238	         0.000915323	         0.004808562
 20507	     -494000	 0.055503104	31.154095440	-16.914646569	166.036196670	 0.418834389	         0.003727578	         0.000881174	         0.004608751
 20508	     -493000	 0.056285559	30.837897089	-8.625617696	165.588112782	 0.403789716	         0.003555534	         0.000845187	         0.004400721
 20509	     -492000	 0.057273798	30.508467070	-0.601773950	165.125475322	 0.388368542	         0.003364281	         0.000804486	         0.004168767
 20510	     -491000	 0.058303969	30.164542217	 7.329286080	164.637618445	 0.372561100	         0.003145970	         0.000756036	         0.003902005
 20511	     -490000	 0.059484652	29.808813997	15.267923373	164.069543798	 0.356542373	         0.002832133	         0.000679932	         0.003512065
 20512	     -489000	 0.060538153	29.442650094	23.011034297	163.539123315	 0.340422544	         0.002559376	         0.000616606	         0.003175981
 20513	     -488000	 0.061639490	29.066784175	30.704745155	162.996945214	 0.324281300	         0.002270530	         0.000548630	         0.002819160
 20514	     -487000	 0.062886122	28.683922654	38.224408913	162.442476321	 0.308277694	         0.001963085	         0.000475397	         0.002438482
 20515	     -486000	 0.064104852	28.293832465	45.936134667	161.872536948	 0.292440767	         0.001653468	         0.000400747	         0.002054215
 20516	     -485000	 0.065275801	27.899601971	53.414207966	161.293603192	 0.276939744	         0.001335000	         0.000322708	         0.001657708
 20517	     -484000	 0.066523121	27.502929228	60.816856720	160.708095857	 0.262083313	         0.001027219	         0.000246693	         0.001273912
 20518	     -483000	 0.067980414	27.102757701	68.326978207	160.109350872	 0.247903262	         0.000741530	         0.000175780	         0.000917310
 20519	     -482000	 0.069279862	26.702831910	75.589135537	159.506908347	 0.234498435	         0.000480195	         0.000110737	         0.000590932
 20520	     -481000	 0.070766927	26.303573924	82.822812481	158.894945662	 0.221839036	         0.000260925	         0.000056118	         0.000317044
 20521	     -480000	 0.072297673	25.904594183	90.011690551	158.275468540	 0.209871171	         0.000093537	         0.000015430	         0.000108966
 20522	     -479000	 0.073750478	25.509120825	97.135510913	157.643782021	 0.198645747	         0.000000596	         0.000000000	         0.000000596
 20523	     -478000	 0.075291017	25.116205047	104.020098171	157.004863773	 0.188087594	         0.000000000	         0.000000000	         0.000000000
 20524	     -477000	 0.076898065	24.726864180	110.918557181	156.350597100	 0.178179131	         0.000000000	         0.000000000	         0.000000000
 20525	     -476000	 0.078610144	24.343391493	117.769152026	155.673611017	 0.168930383	         0.000000000	         0.000000000	         0.000000000
 20526	     -475000	 0.080147059	23.964548390	124.453057477	154.973166336	 0.160264809	         0.000000000	         0.000000000	         0.000000000
 20527	     -474000	 0.081736300	23.592875073	131.020021714	154.249760961	 0.152195353	         0.000000000	         0.000000000	         0.000000000
 20528	     -473000	 0.083438263	23.229283684	137.468539094	153.483140118	 0.144694657	         0.000000000	         0.000000000	         0.000000000
 20529	     -472000	 0.085024744	22.873732872	143.925470048	152.649669107	 0.137717454	         0.000000000	         0.000000000	         0.000000000
 20530	     -471000	 0.086547933	22.529770671	150.195334867	151.700133955	 0.131288002	         0.000000000	         0.000000000	         0.000000000
 20531	     -470000	 0.088039061	22.197244271	156.361051185	150.326409674	 0.125357823	         0.000000000	         0.000000000	         0.000000000
 20532	     -469000	 0.089502226	21.877494687	162.561079922	149.331346378	 0.119908271	         0.000000000	         0.000000000	         0.000000000
 20533	     -468000	 0.090729618	21.573982193	168.627502878	149.328751849	 0.114954777	         0.000000000	         0.000000000	         0.000000000
 20534	     -467000	 0.091988770	21.286308398	174.612217699	149.325741123	 0.110448809	         0.000000000	         0.000000000	         0.000000000
 20535	     -466000	 0.093237521	21.016546235	-179.294602679	149.322198882	 0.106384002	         0.000000000	         0.000000000	         0.000000000
 20536	     -465000	 0.094204887	20.766837482	-173.280920725	149.318177726	 0.102754812	         0.000000000	         0.000000000	         0.000000000
 20537	     -464000	 0.095244397	20.537205881	-167.314968424	149.313830611	 0.099526794	         0.000000000	         0.000000000	         0.000000000
 20538	     -463000	 0.096312874	20.329546983	-161.363161225	149.309139337	 0.096695059	         0.000000000	         0.000000000	         0.000000000
 20539	     -462000	 0.097278858	20.143863604	-155.323193101	149.304005772	 0.094231293	         0.000000000	         0.000000000	         0.000000000
 20540	     -461000	 0.098254956	19.980760304	-149.424423734	149.298693600	 0.092118976	         0.000000000	         0.000000000	         0.000000000
 20541	     -460000	 0.099104240	19.841112321	-143.506292126	149.293072752	 0.090348091	         0.000000000	         0.000000000	         0.000000000
 20542	     -459000	 0.100206210	19.723633083	-137.617000694	149.287257376	 0.088884723	         0.000000000	         0.000000000	         0.000000000
 20543	     -458000	 0.101029490	19.628903216	-131.780502330	149.281272010	 0.087722009	         0.000000000	         0.000000000	         0.000000000
 20544	     -457000	 0.101843791	19.556180600	-125.984251201	149.275173829	 0.086839743	         0.000000000	         0.000000000	         0.000000000
 20545	     -456000	 0.102644204	19.504268931	-120.267447087	149.269052088	 0.086215387	         0.000000000	         0.000000000	         0.000000000
 20546	     -455000	 0.103279566	19.473503825	-114.469057938	149.262815731	 0.085847487	         0.000000000	         0.000000000	         0.000000000
 20547	     -454000	 0.103740329	19.461807786	-108.793202614	149.256766618	 0.085708034	         0.000000000	         0.000000000	         0.000000000
 20548	     -453000	 0.104099069	19.468549107	-103.074824993	149.250800193	 0.085788383	         0.000000000	         0.000000000	         0.000000000
 20549	     -452000	 0.104512313	19.493756510	-97.261009048	149.244896924	 0.086089498	         0.000000000	         0.000000000	         0.000000000
 20550	     -451000	 0.104488019	19.535143430	-91.476132378	149.239448277	 0.086586180	         0.000000000	         0.000000000	         0.000000000
 20551	     -450000	 0.104580432	19.592772102	-85.643813392	149.234273458	 0.087282554	         0.000000000	         0.000000000	         0.000000000
 20552	     -449000	 0.104597861	19.666035783	-79.761277806	149.229534962	 0.088175950	         0.000000000	         0.000000000	         0.000000000
 20553	     -448000	 0.104415746	19.753339038	-73.738059487	149.225341413	 0.089252498	         0.000000000	         0.000000000	         0.000000000
 20554	     -447000	 0.104213875	19.855322745	-67.798218820	149.221849554	 0.090526728	         0.000000000	         0.000000000	         0.000000000
 20555	     -446000	 0.103913767	19.970649858	-61.716485987	149.219050420	 0.091989608	         0.000000000	         0.000000000	         0.000000000
 20556	     -445000	 0.103632189	20.098451812	-55.561593016	149.217004760	 0.093638356	         0.000000000	         0.000000000	         0.000000000
 20557	     -444000	 0.103142396	20.239479855	-49.397543857	149.215954415	 0.095492048	         0.000000000	         0.000000000	         0.000000000
 20558	     -443000	 0.102594499	20.392340109	-43.180589867	149.215838501	 0.097542732	         0.000000000	         0.000000000	         0.000000000
 20559	     -442000	 0.102094276	20.556316961	-36.906770136	149.216620932	 0.099791533	         0.000000000	         0.000000000	         0.000000000
 20560	     -441000	 0.101418020	20.731396369	-30.501263454	149.218501705	 0.102249855	         0.000000000	         0.000000000	         0.000000000
 20561	     -440000	 0.100612810	20.916451762	-24.131887082	149.221401757	 0.104914116	         0.000000000	         0.000000000	         0.000000000
 20562	     -439000	 0.099801682	21.110735354	-17.707785438	149.225222180	 0.107785969	         0.000000000	         0.000000000	         0.000000000
 20563	     -438000	 0.098991063	21.313165946	-11.120461420	149.229990025	 0.110861907	         0.000000000	         0.000000000	         0.000000000
 20564	     -437000	 0.097988888	21.522641323	-4.589955745	149.235596741	 0.114137336	         0.000000000	         0.000000000	         0.000000000
 20565	     -436000	 0.097012296	21.738411815	 1.999400543	149.241886237	 0.117612406	         0.000000000	         0.000000000	         0.000000000
 20566	     -435000	 0.096112405	21.959199964	 8.708213249	150.554147647	 0.121277835	         0.000000000	         0.000000000	         0.000000000
 20567	     -434000	 0.094871947	22.183936174	15.425421999	151.594693274	 0.125126147	         0.000000000	         0.000000000	         0.000000000
 20568	     -433000	 0.093717211	22.411455413	22.149081502	152.301362947	 0.129146521	         0.000000000	         0.000000000	         0.000000000
 20569	     -432000	 0.092570945	22.641216795	28.915953590	152.893053236	 0.133337621	         0.000000000	         0.000000000	         0.000000000
 20570	     -431000	 0.091280719	22.872575902	35.851098345	153.416317861	 0.137695308	         0.000000000	         0.000000000	         0.000000000
 20571	     -430000	 0.089880819	23.104270285	42.752121722	153.887141729	 0.142202038	         0.000000000	         0.000000000	         0.000000000
 20572	     -429000	 0.088407314	23.336253064	49.761852521	154.315507360	 0.146862159	         0.000000000	         0.000000000	         0.000000000
 20573	     -428000	 0.087055942	23.568404303	56.828114803	154.712952565	 0.151678550	         0.000000000	         0.000000000	         0.000000000
 20574	     -427000	 0.085523656	23.800273683	64.050375750	155.087997893	 0.156646758	         0.000000000	         0.000000000	         0.000000000
 20575	     -426000	 0.084054184	24.031816180	71.371111583	155.446725175	 0.161770349	         0.000000000	         0.000000000	         0.000000000
 20576	     -425000	 0.082640209	24.262875673	78.704281287	155.790079634	 0.167050305	         0.000000000	         0.000000000	         0.000000000
 20577	     -424000	 0.081254428	24.494013611	86.283114421	156.121028630	 0.172504474	         0.000000000	         0.000000000	         0.000000000
 20578	     -423000	 0.079854296	24.725194202	93.752355689	156.445613286	 0.178137776	         0.000000000	         0.000000000	         0.000000000
 20579	     -422000	 0.078553475	24.955606627	101.346534410	156.758976918	 0.183935398	         0.000000000	         0.000000000	         0.000000000
 20580	     -421000	 0.077463566	25.186350218	109.066419876	157.070220314	 0.189930451	         0.000000000	         0.000000000	         0.000000000
 20581	     -420000	 0.076046534	25.417401988	116.810454550	157.382910284	 0.196129304	         0.000000000	         0.000000000	         0.000000000
 20582	     -419000	 0.074886169	25.647626042	124.541382536	157.694417970	 0.202507171	         0.000024563	         0.000000773	         0.000025336
 20583	     -418000	 0.073764864	25.877504820	132.342403219	158.016054534	 0.209082403	         0.000079976	         0.000012352	         0.000092328
 20584	     -417000	 0.072698089	26.106626624	140.330293506	158.342477935	 0.215848415	         0.000146645	         0.000027921	         0.000174566
 20585	     -416000	 0.071481174	26.334548067	148.230073918	158.675518097	 0.222796202	         0.000207209	         0.000042380	         0.000249589
 20586	     -415000	 0.070438602	26.560782398	156.299431877	159.020762210	 0.229913703	         0.000260572	         0.000054903	         0.000315475
 20587	     -414000	 0.069487040	26.784373933	164.407454804	159.367459675	 0.237171440	         0.000294571	         0.000062676	         0.000357248
 20588	     -413000	 0.068557237	27.005600883	172.584617908	159.799394315	 0.244577884	         0.000339550	         0.000073054	         0.000412604
 20589	     -412000	 0.067751789	27.223425841	-179.159080626	160.164143946	 0.252096379	         0.000332696	         0.000070993	         0.000403689
 20590	     -411000	 0.067111113	27.436839030	-170.906675002	160.461374304	 0.259686700	         0.000280400	         0.000058310	         0.000338710
 20591	     -410000	 0.066482115	27.646315655	-162.509726288	160.850839647	 0.267359222	         0.000247002	         0.000050316	         0.000297317
 20592	     -409000	 0.065904691	27.850601462	-154.211828413	161.245544879	 0.275059897	         0.000210856	         0.000041822	         0.000252678
 20593	     -408000	 0.065517944	28.049456228	-145.949687243	161.634678998	 0.282766136	         0.000173117	         0.000033070	         0.000206187
 20594	     -407000	 0.065332851	28.243228828	-137.516629651	162.025002620	 0.290421685	         0.000135183	         0.000024361	         0.000159543
 20595	     -406000	 0.064967014	28.430711575	-129.093539419	162.403519949	 0.297943105	         0.000103386	         0.000017303	         0.000120689
 20596	     -405000	 0.064812231	28.612340545	-120.827735272	162.772221934	 0.305335758	         0.000082282	         0.000012760	         0.000095042
 20597	     -404000	 0.064847606	28.788137444	-112.516470610	163.124825238	 0.312589263	         0.000069717	         0.000010110	         0.000079827
 20598	     -403000	 0.064893803	28.957411961	-104.127488074	163.460878022	 0.319663801	         0.000069047	         0.000009945	         0.000078992
 20599	     -402000	 0.065050817	29.120604728	-95.852665171	163.775153364	 0.326566776	         0.000082899	         0.000012774	         0.000095672
 20600	     -401000	 0.065326528	29.277183504	-87.650634931	164.061152616	 0.333265153	         0.000112984	         0.000019172	         0.000132156
 20601	     -400000	 0.065761510	29.427107531	-79.415707434	164.322919600	 0.339746826	         0.000164967	         0.000030559	         0.000195526
 20602	     -399000	 0.066134286	29.570418567	-71.395309280	164.549061600	 0.346003844	         0.000246196	         0.000048890	         0.000295086
 20603	     -398000	 0.066677957	29.705890532	-63.372382483	164.745229035	 0.351972807	         0.000360630	         0.000075276	         0.000435906
 20604	     -397000	 0.067321109	29.833968797	-55.517321169	164.908495070	 0.357663698	         0.000513801	         0.000111069	         0.000624870
 20605	     -396000	 0.067841888	29.954156486	-47.623770726	165.038071422	 0.363045503	         0.000718672	         0.000159563	         0.000878235
 20606	     -395000	 0.068446604	30.064871194	-39.894880808	165.132060359	 0.368038153	         0.000971711	         0.000219768	         0.001191479
 20607	     -394000	 0.069056594	30.166494758	-32.261133437	165.195126470	 0.372649969	         0.001280289	         0.000293792	         0.001574081
 20608	     -393000	 0.069830315	30.258005064	-24.580012009	165.227602238	 0.376826353	         0.001650062	         0.000382748	         0.002032810
 20609	     -392000	 0.070364828	30.338292323	-16.949489692	165.225650246	 0.380508648	         0.002084213	         0.000487969	         0.002572182
 20610	     -391000	 0.071069537	30.407452813	-9.422837673	165.200497852	 0.383694033	         0.002575893	         0.000608845	         0.003184738
 20611	     -390000	 0.071974637	30.464168161	-1.989558957	165.158275580	 0.386315382	         0.003132421	         0.000747875	         0.003880295
 20612	     -389000	 0.072694139	30.508252531	 5.597531740	165.142870155	 0.388358586	         0.003842948	         0.000931088	         0.004774036
 20613	     -388000	 0.073599872	30.539450689	12.910982524	165.056346662	 0.389807511	         0.004515996	         0.001103264	         0.005619260
 20614	     -387000	 0.074543853	30.556607757	20.224631820	164.949736331	 0.390605372	         0.005232970	         0.001287680	         0.006520650
 20615	     -386000	 0.075566540	30.560587332	27.486301600	164.828936643	 0.390790541	         0.005981428	         0.001482585	         0.007464013
 20616	     -385000	 0.076485975	30.550826221	34.596577097	164.693134957	 0.390336429	         0.006719787	         0.001676217	         0.008396004
 20617	     -384000	 0.077541059	30.526875215	41.661964832	164.544586763	 0.389223178	         0.007449041	         0.001869403	         0.009318444
 20618	     -383000	 0.078573765	30.489771046	48.661430888	164.386206083	 0.387501415	         0.008138366	         0.002053429	         0.010191794
 20619	     -382000	 0.079500041	30.438760556	55.635630547	164.214565378	 0.385140042	         0.008754561	         0.002218283	         0.010972844
 20620	     -381000	 0.080402545	30.374413693	62.482195433	164.040129369	 0.382170782	         0.009266159	         0.002357331	         0.011623490
 20621	     -380000	 0.081375338	30.297212191	69.296712439	163.853910513	 0.378622448	         0.009649913	         0.002462295	         0.012112208
 20622	     -379000	 0.082284373	30.206346938	76.185991488	163.662977102	 0.374466038	         0.009900069	         0.002531658	         0.012431728
 20623	     -378000	 0.083049984	30.103098249	82.990154027	163.467594524	 0.369769700	         0.009968712	         0.002550589	         0.012519301
 20624	     -377000	 0.083857725	29.987064110	89.737708666	163.260330310	 0.364525979	         0.009876799	         0.002526578	         0.012403376
 20625	     -376000	 0.084810534	29.857578588	96.491010331	162.996119849	 0.358717753	         0.009438669	         0.002395326	         0.011833995
 20626	     -375000	 0.085547898	29.716190947	103.293678277	162.785687632	 0.352428780	         0.009007065	         0.002279494	         0.011286560
 20627	     -374000	 0.086310245	29.561732534	109.980901135	162.634134336	 0.345622921	         0.008613715	         0.002186069	         0.010799784
 20628	     -373000	 0.087220885	29.394130740	116.615450043	162.413866655	 0.338315484	         0.007920824	         0.002000235	         0.009921059
 20629	     -372000	 0.087896304	29.214470266	123.340123235	162.187716767	 0.330573537	         0.007106841	         0.001783050	         0.008889891
 20630	     -371000	 0.088614506	29.021319542	129.933008314	161.959683334	 0.322357462	         0.006253757	         0.001558932	         0.007812689
 20631	     -370000	 0.089361930	28.815628023	136.537886158	161.724833653	 0.313732200	         0.005380857	         0.001331954	         0.006712811
 20632	     -369000	 0.090081311	28.597684364	143.171191562	161.479742310	 0.304735380	         0.004503351	         0.001105382	         0.005608733
 20633	     -368000	 0.090634649	28.366654751	149.716933363	161.230281721	 0.295360704	         0.003655014	         0.000888409	         0.004543423
 20634	     -367000	 0.091311248	28.124317198	156.301421281	160.970614727	 0.285709411	         0.002863166	         0.000688713	         0.003551879
 20635	     -366000	 0.092003515	27.870318059	162.767453622	160.699156922	 0.275814762	         0.002143051	         0.000509505	         0.002652556
 20636	     -365000	 0.092570801	27.604992693	169.371806482	160.420864986	 0.265827942	         0.001495781	         0.000351034	         0.001846815
 20637	     -364000	 0.093119552	27.330446081	175.827157039	160.122638767	 0.255874550	         0.000942139	         0.000216373	         0.001158512
 20638	     -363000	 0.093640067	27.046354091	-177.781266293	159.813630311	 0.245967275	         0.000489848	         0.000107041	         0.000596889
 20639	     -362000	 0.094269015	26.754330361	-171.315876311	159.413436063	 0.236183064	         0.000118453	         0.000020508	         0.000138961
 20640	     -361000	 0.094618814	26.456094150	-164.938958484	159.077325562	 0.226592300	         0.000001233	         0.000000170	         0.000001404
 20641	     -360000	 0.094987851	26.151951376	-158.573095958	158.728709115	 0.217212583	         0.000000000	         0.000000000	         0.000000000
 20642	     -359000	 0.095369622	25.844145517	-152.287201787	158.355887745	 0.208115144	         0.000000000	         0.000000000	         0.000000000
 20643	     -358000	 0.095473227	25.533561207	-145.888910310	157.964243390	 0.199321737	         0.000000000	         0.000000000	         0.000000000
 20644	     -357000	 0.095574329	25.221545497	-139.631422876	157.553489770	 0.190861895	         0.000000000	         0.000000000	         0.000000000
 20645	     -356000	 0.095678737	24.909951733	-133.296845744	157.118497646	 0.182771835	         0.000000000	         0.000000000	         0.000000000
 20646	     -355000	 0.095681203	24.598901010	-126.900619621	156.663583067	 0.175037900	         0.000000000	         0.000000000	         0.000000000
 20647	     -354000	 0.095478796	24.290557143	-120.577278446	156.180408493	 0.167694307	         0.000000000	         0.000000000	         0.000000000
 20648	     -353000	 0.095458718	23.985774359	-114.221628093	155.669838334	 0.160738354	         0.000000000	         0.000000000	         0.000000000
 20649	     -352000	 0.095398327	23.684513463	-107.865729250	155.134259451	 0.154146377	         0.000000000	         0.000000000	         0.000000000
 20650	     -351000	 0.095240376	23.389076636	-101.504116105	154.567467918	 0.147944460	         0.000000000	         0.000000000	         0.000000000
 20651	     -350000	 0.095096122	23.099399909	-95.173340010	153.962736480	 0.142105802	         0.000000000	         0.000000000	         0.000000000
 20652	     -349000	 0.094999252	22.816321285	-88.960469101	153.297504672	 0.136622813	         0.000000000	         0.000000000	         0.000000000
 20653	     -348000	 0.094841717	22.541726797	-82.657752735	152.570284871	 0.131506372	         0.000000000	         0.000000000	         0.000000000
 20654	     -347000	 0.094512503	22.274971487	-76.439575247	151.707071034	 0.126719542	         0.000000000	         0.000000000	         0.000000000
 20655	     -346000	 0.094194371	22.018276072	-70.308865275	150.438235210	 0.122277818	         0.000000000	         0.000000000	         0.000000000
 20656	     -345000	 0.093922140	21.772953009	-64.118712122	149.226432703	 0.118178447	         0.000000000	         0.000000000	         0.000000000
 20657	     -344000	 0.093300355	21.538672378	-57.930101235	149.224595815	 0.114391953	         0.000000000	         0.000000000	         0.000000000
 20658	     -343000	 0.092740138	21.318387692	-51.778747605	149.223496168	 0.110942402	         0.000000000	         0.000000000	         0.000000000
 20659	     -342000	 0.092169739	21.112794739	-45.610535095	149.223187607	 0.107816828	         0.000000000	         0.000000000	         0.000000000
 20660	     -341000	 0.091377557	20.922768657	-39.328442599	149.223844155	 0.105006276	         0.000000000	         0.000000000	         0.000000000
 20661	     -340000	 0.090607702	20.750964575	-33.105355782	149.225298768	 0.102528351	         0.000000000	         0.000000000	         0.000000000
 20662	     -339000	 0.089785060	20.597291952	-26.824862298	149.227596853	 0.100361519	         0.000000000	         0.000000000	         0.000000000
 20663	     -338000	 0.089049690	20.463408482	-20.398322624	149.230669631	 0.098511083	         0.000000000	         0.000000000	         0.000000000
 20664	     -337000	 0.088048229	20.351022249	-14.044232772	149.234610460	 0.096984131	         0.000000000	         0.000000000	         0.000000000
 20665	     -336000	 0.087204422	20.259465468	-7.571065312	149.239185494	 0.095757694	         0.000000000	         0.000000000	         0.000000000
 20666	     -335000	 0.086352283	20.189926936	-1.136674931	149.244328372	 0.094836573	         0.000000000	         0.000000000	         0.000000000
 20667	     -334000	 0.085383380	20.142635458	 5.477337224	149.250163308	 0.094215208	         0.000000000	         0.000000000	         0.000000000
 20668	     -333000	 0.084411295	20.117211449	12.081443414	149.256380516	 0.093882845	         0.000000000	         0.000000000	         0.000000000
 20669	     -332000	 0.083401064	20.113433214	18.708944067	149.262899298	 0.093833553	         0.000000000	         0.000000000	         0.000000000
 20670	     -331000	 0.082572941	20.130037738	25.472619980	149.269661429	 0.094050373	         0.000000000	         0.000000000	         0.000000000
 20671	     -330000	 0.081443003	20.167200157	32.335478137	149.276606286	 0.094537455	         0.000000000	         0.000000000	         0.000000000
 20672	     -329000	 0.080500513	20.223389509	39.240100701	149.283469060	 0.095278713	         0.000000000	         0.000000000	         0.000000000
 20673	     -328000	 0.079634605	20.296732395	46.215668489	149.290194533	 0.096255016	         0.000000000	         0.000000000	         0.000000000
 20674	     -327000	 0.078577853	20.387222098	53.398058906	149.296758640	 0.097473364	         0.000000000	         0.000000000	         0.000000000
 20675	     -326000	 0.077702044	20.492955878	60.513165202	149.302836493	 0.098916509	         0.000000000	         0.000000000	         0.000000000
 20676	     -325000	 0.076874934	20.612533407	67.807439301	149.308538912	 0.100574367	         0.000000000	         0.000000000	         0.000000000
 20677	     -324000	 0.076026922	20.745428963	75.252809962	149.313707723	 0.102449491	         0.000000000	         0.000000000	         0.000000000
 20678	     -323000	 0.075078032	20.889668314	82.739643953	149.318130600	 0.104524258	         0.000000000	         0.000000000	         0.000000000
 20679	     -322000	 0.074308601	21.044950268	90.312211677	149.321902779	 0.106804853	         0.000000000	         0.000000000	         0.000000000
 20680	     -321000	 0.073626079	21.210308968	98.027457036	149.324970728	 0.109288178	         0.000000000	         0.000000000	         0.000000000
 20681	     -320000	 0.072921001	21.384036563	105.993114824	149.327257908	 0.111959406	         0.000000000	         0.000000000	         0.000000000
 20682	     -319000	 0.072286571	21.566437244	113.968884955	149.328708258	 0.114834281	         0.000000000	         0.000000000	         0.000000000
 20683	     -318000	 0.071782063	21.755805647	122.015917729	149.329390813	 0.117897106	         0.000000000	         0.000000000	         0.000000000
 20684	     -317000	 0.071469228	21.951345971	130.242333881	149.329356378	 0.121145508	         0.000000000	         0.000000000	         0.000000000
 20685	     -316000	 0.071218657	22.152891551	138.541792199	150.255407665	 0.124587366	         0.000000000	         0.000000000	         0.000000000
 20686	     -315000	 0.071131593	22.358069468	146.863863896	151.131141724	 0.128191717	         0.000000000	         0.000000000	         0.000000000
 20687	     -314000	 0.071302845	22.566777481	155.194778428	151.783646760	 0.131965081	         0.000000000	         0.000000000	         0.000000000
 20688	     -313000	 0.071340423	22.778135986	163.633579606	152.350893392	 0.135899573	         0.000000000	         0.000000000	         0.000000000
 20689	     -312000	 0.071574712	22.989331129	171.928930362	152.875810976	 0.139948193	         0.000000000	         0.000000000	         0.000000000
 20690	     -311000	 0.072007583	23.200444603	-179.819118955	153.367230404	 0.144115791	         0.000000000	         0.000000000	         0.000000000
 20691	     -310000	 0.072435633	23.410285427	-171.337237843	153.858130103	 0.148381247	         0.000000000	         0.000000000	         0.000000000
 20692	     -309000	 0.072815138	23.616440169	-163.052700210	154.335064632	 0.152694694	         0.000000000	         0.000000000	         0.000000000
 20693	     -308000	 0.073357752	23.818722798	-154.748857363	154.803638841	 0.157048983	         0.000000000	         0.000000000	         0.000000000
 20694	     -307000	 0.074042058	24.015747619	-146.486384403	155.264221327	 0.161409433	         0.000000000	         0.000000000	         0.000000000
 20695	     -306000	 0.074696154	24.206766854	-138.105292044	155.721153987	 0.165752526	         0.000000000	         0.000000000	         0.000000000
 20696	     -305000	 0.075557625	24.391201100	-129.823929953	156.169751751	 0.170056755	         0.000000000	         0.000000000	         0.000000000
 20697	     -304000	 0.076377067	24.567896569	-121.626986070	156.600942945	 0.174285176	         0.000000000	         0.000000000	         0.000000000
 20698	     -303000	 0.077451680	24.737473639	-113.380141953	157.025383424	 0.178442089	         0.000000000	         0.000000000	         0.000000000
 20699	     -302000	 0.078480766	24.899335336	-105.303738132	157.428891549	 0.182502321	         0.000000000	         0.000000000	         0.000000000
 20700	     -301000	 0.079630201	25.052921120	-97.282718187	157.817139088	 0.186440344	         0.000000000	         0.000000000	         0.000000000
 20701	     -300000	 0.080903243	25.199214132	-89.348119639	158.180480970	 0.190270367	         0.000000000	         0.000000000	         0.000000000
 20702	     -299000	 0.081999178	25.337839010	-81.409543892	158.513276211	 0.193972210	         0.000000000	         0.000000000	         0.000000000
 20703	     -298000	 0.083175234	25.468650731	-73.690182950	158.820498141	 0.197531434	         0.000000000	         0.000000000	         0.000000000
 20704	     -297000	 0.084359125	25.592347749	-66.029577308	159.094590964	 0.200957133	         0.000000000	         0.000000000	         0.000000000
 20705	     -296000	 0.085667785	25.708550321	-58.264456530	159.335935640	 0.204229380	         0.000000000	         0.000000000	         0.000000000
 20706	     -295000	 0.086664229	25.817485501	-50.699569976	159.535188319	 0.207345351	         0.000000000	         0.000000000	         0.000000000
 20707	     -294000	 0.087846039	25.919110591	-43.181819527	159.699031668	 0.210295072	         0.000000000	         0.000000000	         0.000000000
 20708	     -293000	 0.089044832	26.013157496	-35.710862504	159.830725021	 0.213062206	         0.000000000	         0.000000000	         0.000000000
 20709	     -292000	 0.090119097	26.100038179	-28.243035392	159.924599122	 0.215650833	         0.000000000	         0.000000000	         0.000000000
 20710	     -291000	 0.091281225	26.179124500	-20.941232881	159.990810361	 0.218034560	         0.000000000	         0.000000000	         0.000000000
 20711	     -290000	 0.092364043	26.250520815	-13.661842040	160.026031108	 0.220209127	         0.000000000	         0.000000000	         0.000000000
 20712	     -289000	 0.093427792	26.314615124	-6.410964304	160.035173540	 0.222179759	         0.000000000	         0.000000000	         0.000000000
 20713	     -288000	 0.094440530	26.370908672	 0.704580500	160.031204593	 0.223925092	         0.000000000	         0.000000000	         0.000000000
 20714	     -287000	 0.095354683	26.419936858	 7.739381168	160.004909534	 0.225456335	         0.000000000	         0.000000000	         0.000000000
 20715	     -286000	 0.096341535	26.462101023	14.778502088	159.963013841	 0.226781573	         0.000000000	         0.000000000	         0.000000000
 20716	     -285000	 0.097090557	26.497298816	21.797651190	159.905163440	 0.227893819	         0.000020033	         0.000000491	         0.000020523
 20717	     -284000	 0.097818075	26.526481003	28.676732487	159.837510168	 0.228820108	         0.000087689	         0.000014100	         0.000101789
 20718	     -283000	 0.098556954	26.549898790	35.504944491	159.763134698	 0.229566147	         0.000181574	         0.000036561	         0.000218135
 20719	     -282000	 0.099219108	26.567924135	42.440036648	159.681331972	 0.230142052	         0.000296280	         0.000064768	         0.000361048
 20720	     -281000	 0.099755963	26.581636015	49.212976555	159.595988475	 0.230581109	         0.000421199	         0.000095880	         0.000517079
 20721	     -280000	 0.100294624	26.591081442	55.921878912	159.511165435	 0.230884041	         0.000556809	         0.000130221	         0.000687030
 20722	     -279000	 0.100914162	26.596933314	62.698414615	159.420692670	 0.231071921	         0.000699098	         0.000167209	         0.000866306
 20723	     -278000	 0.101266408	26.599884661	69.343949588	159.336288218	 0.231166735	         0.000837667	         0.000203447	         0.001041114
 20724	     -277000	 0.101672351	26.599985363	75.957946959	159.250981159	 0.231169971	         0.000969353	         0.000237959	         0.001207312
 20725	     -276000	 0.102092817	26.597920752	82.496887004	159.173795944	 0.231103639	         0.001096288	         0.000270893	         0.001367181
 20726	     -275000	 0.102279340	26.593967959	89.067544626	159.095289097	 0.230976697	         0.001203760	         0.000298392	         0.001502152
 20727	     -274000	 0.102499611	26.588266270	95.512695399	159.027655040	 0.230793712	         0.001289201	         0.000320161	         0.001609362
 20728	     -273000	 0.102528135	26.581350400	101.965558904	158.960904193	 0.230571955	         0.001341235	         0.000332859	         0.001674094
 20729	     -272000	 0.102638078	26.573195321	108.422531329	158.898303073	 0.230310737	         0.001360938	         0.000337014	         0.001697952
 20730	     -271000	 0.102473106	26.564087181	114.838346049	158.845198433	 0.230019341	         0.001340136	         0.000329903	         0.001670039
 20731	     -270000	 0.102354550	26.554255164	121.253168846	158.803977036	 0.229705200	         0.001296316	         0.000317329	         0.001613645
 20732	     -269000	 0.102296248	26.543607091	127.609299467	158.772529166	 0.229365469	         0.001232973	         0.000300075	         0.001533048
 20733	     -268000	 0.102037441	26.532518769	134.094495346	158.816014360	 0.229012225	         0.001198318	         0.000291046	         0.001489364
 20734	     -267000	 0.101773466	26.520840546	140.399582108	158.731094197	 0.228640778	         0.001036059	         0.000247828	         0.001283887
 20735	     -266000	 0.101483838	26.508664689	146.712390923	158.794600774	 0.228254143	         0.000967327	         0.000229950	         0.001197277
 20736	     -265000	 0.101260566	26.496190185	153.120811776	158.799235117	 0.227858703	         0.000834378	         0.000196256	         0.001030634
 20737	     -264000	 0.100774896	26.483131370	159.399299417	158.809773840	 0.227445475	         0.000687822	         0.000159234	         0.000847057
 20738	     -263000	 0.100357253	26.469649072	165.672694153	158.839627871	 0.227019632	         0.000542692	         0.000122876	         0.000665568
 20739	     -262000	 0.099913047	26.455669016	171.973360935	158.868902995	 0.226578910	         0.000390745	         0.000085188	         0.000475933
 20740	     -261000	 0.099306396	26.440969158	178.286988099	158.906733948	 0.226116418	         0.000239642	         0.000048233	         0.000287874
 20741	     -260000	 0.098684159	26.425632013	-175.482433393	158.876053053	 0.225634883	         0.000080791	         0.000012022	         0.000092812
 20742	     -259000	 0.098000006	26.409433762	-169.185655810	158.939167432	 0.225127424	         0.000005318	         0.000000638	         0.000005955
 20743	     -258000	 0.097239175	26.392335359	-162.822195829	159.013247454	 0.224593004	         0.000000823	         0.000000103	         0.000000926
 20744	     -257000	 0.096463176	26.374245346	-156.512997135	159.092252103	 0.224028972	         0.000000000	         0.000000000	         0.000000000
 20745	     -256000	 0.095611291	26.354847716	-150.189586488	159.174596214	 0.223425743	         0.000000000	         0.000000000	         0.000000000
 20746	     -255000	 0.094905072	26.334264963	-143.802229612	159.262429101	 0.222787435	         0.000000000	         0.000000000	         0.000000000
 20747	     -254000	 0.093973777	26.312121915	-137.376640101	159.347696739	 0.222102775	         0.000000000	         0.000000000	         0.000000000
 20748	     -253000	 0.093064129	26.288292216	-131.032088052	159.428976849	 0.221368315	         0.000000000	         0.000000000	         0.000000000
 20749	     -252000	 0.092270861	26.262756341	-124.693317508	159.506855146	 0.220583964	         0.000000000	         0.000000000	         0.000000000
 20750	     -251000	 0.091319608	26.234987488	-118.200660637	159.577729754	 0.219734179	         0.000000000	         0.000000000	         0.000000000
 20751	     -250000	 0.090287261	26.205101319	-111.797498010	159.635408656	 0.218823258	         0.000000000	         0.000000000	         0.000000000
 20752	     -249000	 0.089277888	26.172698150	-105.413547627	159.683242294	 0.217839885	         0.000000000	         0.000000000	         0.000000000
 20753	     -248000	 0.088256798	26.137283786	-98.874069580	159.720898282	 0.216770182	         0.000000000	         0.000000000	         0.000000000
 20754	     -247000	 0.087061563	26.099049544	-92.388261084	159.732400417	 0.215621200	         0.000000000	         0.000000000	         0.000000000
 20755	     -246000	 0.085937024	26.057439325	-85.807785548	159.729679105	 0.214377686	         0.000000000	         0.000000000	         0.000000000
 20756	     -245000	 0.084837261	26.012087405	-79.205416717	159.709065637	 0.213030517	         0.000000000	         0.000000000	         0.000000000
 20757	     -244000	 0.083570284	25.963060743	-72.432099440	159.662484057	 0.211583712	         0.000000000	         0.000000000	         0.000000000
 20758	     -243000	 0.082473098	25.909767900	-65.770256756	159.595755117	 0.210022153	         0.000000000	         0.000000000	         0.000000000
 20759	     -242000	 0.081257461	25.852258478	-59.000409889	159.504156761	 0.208349969	         0.000000000	         0.000000000	         0.000000000
 20760	     -241000	 0.080212915	25.790305687	-52.102418923	159.393626723	 0.206563479	         0.000000000	         0.000000000	         0.000000000
 20761	     -240000	 0.078985752	25.723396119	-45.225849260	159.255820968	 0.204651256	         0.000000000	         0.000000000	         0.000000000
 20762	     -239000	 0.077809760	25.652017403	-38.305855899	159.101385388	 0.202630819	         0.000000000	         0.000000000	         0.000000000
 20763	     -238000	 0.076746489	25.575793674	-31.354512297	158.929395941	 0.200495259	         0.000000000	         0.000000000	         0.000000000
 20764	     -237000	 0.075574847	25.494512236	-24.181605469	158.737229703	 0.198242788	         0.000000000	         0.000000000	         0.000000000
 20765	     -236000	 0.074357476	25.408542225	-17.128978698	158.527597136	 0.195887918	         0.000000000	         0.000000000	         0.000000000
 20766	     -235000	 0.073234805	25.317848233	-9.946566947	158.311125804	 0.193433964	         0.000000000	         0.000000000	         0.000000000
 20767	     -234000	 0.072168182	25.222592556	-2.545388764	158.084116568	 0.190889675	         0.000000000	         0.000000000	         0.000000000
 20768	     -233000	 0.070952499	25.122773472	 4.818408780	157.851487693	 0.188259399	         0.000000000	         0.000000000	         0.000000000
 20769	     -232000	 0.069936016	25.018740658	12.301997103	157.607850970	 0.185556651	         0.000000000	         0.000000000	         0.000000000
 20770	     -231000	 0.068973301	24.911019289	19.959323455	157.354233845	 0.182798958	         0.000000000	         0.000000000	         0.000000000
 20771	     -230000	 0.067997009	24.799561091	27.664641583	157.098215106	 0.179988736	         0.000000000	         0.000000000	         0.000000000
 20772	     -229000	 0.067151105	24.684901400	35.390531236	156.840060597	 0.177142868	         0.000000000	         0.000000000	         0.000000000
 20773	     -228000	 0.066404574	24.567622096	43.214197110	156.577118492	 0.174278527	         0.000000000	         0.000000000	         0.000000000
 20774	     -227000	 0.065653857	24.447706677	51.243808581	156.311899973	 0.171397686	         0.000000000	         0.000000000	         0.000000000
 20775	     -226000	 0.064951709	24.325966181	59.206724666	156.040395664	 0.168521709	         0.000000000	         0.000000000	         0.000000000
 20776	     -225000	 0.064316222	24.202554775	67.232864090	155.770045918	 0.165655510	         0.000000000	         0.000000000	         0.000000000
 20777	     -224000	 0.063895073	24.077650183	75.403386954	155.496330267	 0.162804266	         0.000000000	         0.000000000	         0.000000000
 20778	     -223000	 0.063424803	23.952189204	83.740377449	155.218797434	 0.159989722	         0.000000000	         0.000000000	         0.000000000
 20779	     -222000	 0.063026532	23.826103948	92.021320640	154.937738069	 0.157210194	         0.000000000	         0.000000000	         0.000000000
 20780	     -221000	 0.062815824	23.699807263	100.345313738	154.654995462	 0.154474416	         0.000000000	         0.000000000	         0.000000000
 20781	     -220000	 0.062794824	23.573951502	108.899672022	154.372289382	 0.151795548	         0.000000000	         0.000000000	         0.000000000
 20782	     -219000	 0.062824091	23.448913282	117.361595541	154.084177454	 0.149180089	         0.000000000	         0.000000000	         0.000000000
 20783	     -218000	 0.063038376	23.325311978	125.783973139	153.780257917	 0.146638979	         0.000000000	         0.000000000	         0.000000000
 20784	     -217000	 0.063548061	23.203501937	134.368671742	153.475893623	 0.144177049	         0.000000000	         0.000000000	         0.000000000
 20785	     -216000	 0.063922666	23.084272426	142.734028062	153.175179156	 0.141807307	         0.000000000	         0.000000000	         0.000000000
 20786	     -215000	 0.064617805	22.968865474	151.067261629	152.877853594	 0.139550645	         0.000000000	         0.000000000	         0.000000000
 20787	     -214000	 0.065394522	22.857430117	159.352650667	152.574792642	 0.137405728	         0.000000000	         0.000000000	         0.000000000
 20788	     -213000	 0.066235999	22.750743597	167.744935617	152.280600657	 0.135383114	         0.000000000	         0.000000000	         0.000000000
 20789	     -212000	 0.067152140	22.650412830	175.864595794	151.980166569	 0.133508168	         0.000000000	         0.000000000	         0.000000000
 20790	     -211000	 0.068139249	22.556723721	-175.963985569	151.683113332	 0.131780792	         0.000000000	         0.000000000	         0.000000000
 20791	     -210000	 0.069443814	22.470342526	-167.940219215	151.409369455	 0.130207963	         0.000000000	         0.000000000	         0.000000000
 20792	     -209000	 0.070617138	22.392214097	-159.815565426	151.149063043	 0.128801575	         0.000000000	         0.000000000	         0.000000000
 20793	     -208000	 0.071985370	22.322864136	-151.888184450	150.900724214	 0.127565938	         0.000000000	         0.000000000	         0.000000000
 20794	     -207000	 0.073458104	22.262747901	-144.068381244	150.654940070	 0.126504419	         0.000000000	         0.000000000	         0.000000000
 20795	     -206000	 0.075120855	22.212035729	-136.251320771	150.426360692	 0.125615826	         0.000000000	         0.000000000	         0.000000000
 20796	     -205000	 0.076737766	22.170958981	-128.643093562	150.233132318	 0.124900645	         0.000000000	         0.000000000	         0.000000000
 20797	     -204000	 0.078482218	22.139849133	-121.130412554	150.093692782	 0.124361707	         0.000000000	         0.000000000	         0.000000000
 20798	     -203000	 0.080369184	22.118414728	-113.637767311	150.036867337	 0.123991737	         0.000000000	         0.000000000	         0.000000000
 20799	     -202000	 0.082010663	22.106386947	-106.283407002	150.116717209	 0.123784613	         0.000000000	         0.000000000	         0.000000000
 20800	     -201000	 0.083790603	22.103921105	-99.101902423	150.289919375	 0.123742193	         0.000000000	         0.000000000	         0.000000000
 20801	     -200000	 0.085686492	22.110667977	-91.904583528	150.522206065	 0.123858295	         0.000000000	         0.000000000	         0.000000000
 20802	     -199000	 0.087488192	22.126492948	-84.673451494	150.781892305	 0.124131042	         0.000000000	         0.000000000	         0.000000000
 20803	     -198000	 0.089182195	22.151081704	-77.634370465	151.061743826	 0.124556028	         0.000000000	         0.000000000	         0.000000000
 20804	     -197000	 0.090949752	22.184204048	-70.570546328	151.348156261	 0.125130806	         0.000000000	         0.000000000	         0.000000000
 20805	     -196000	 0.092820032	22.225967428	-63.566359241	151.639190134	 0.125859317	         0.000000000	         0.000000000	         0.000000000
 20806	     -195000	 0.094580526	22.275899917	-56.587194676	151.930076353	 0.126735897	         0.000000000	         0.000000000	         0.000000000
 20807	     -194000	 0.096340585	22.333865163	-49.627717610	152.219120731	 0.127761154	         0.000000000	         0.000000000	         0.000000000
 20808	     -193000	 0.098168556	22.399929310	-42.788044175	152.506800519	 0.128939777	         0.000000000	         0.000000000	         0.000000000
 20809	     -192000	 0.099890725	22.473573327	-35.889283201	152.786135241	 0.130266450	         0.000000000	         0.000000000	         0.000000000
 20810	     -191000	 0.101491539	22.554538609	-29.109355819	153.046181332	 0.131740772	         0.000000000	         0.000000000	         0.000000000
 20811	     -190000	 0.103119931	22.642429967	-22.371864886	153.303269388	 0.133360107	         0.000000000	         0.000000000	         0.000000000
 20812	     -189000	 0.104762165	22.736553467	-15.542574495	153.553712147	 0.135116343	         0.000000000	         0.000000000	         0.000000000
 20813	     -188000	 0.106077970	22.836500981	-8.811766849	153.787618440	 0.137006575	         0.000000000	         0.000000000	         0.000000000
 20814	     -187000	 0.107434669	22.941096784	-2.088670295	154.013197314	 0.139013039	         0.000000000	         0.000000000	         0.000000000
 20815	     -186000	 0.108857953	23.049636574	 4.601140026	154.240051271	 0.141126233	         0.000000000	         0.000000000	         0.000000000
 20816	     -185000	 0.109993015	23.161433163	11.391258749	154.437452631	 0.143336425	         0.000000000	         0.000000000	         0.000000000
 20817	     -184000	 0.111154276	23.274779793	18.075142745	154.626423853	 0.145612600	         0.000000000	         0.000000000	         0.000000000
 20818	     -183000	 0.112174784	23.389163525	24.767088913	154.796766311	 0.147946247	         0.000000000	         0.000000000	         0.000000000
 20819	     -182000	 0.113292991	23.503736141	31.529888471	154.961972690	 0.150321240	         0.000000000	         0.000000000	         0.000000000
 20820	     -181000	 0.114098547	23.616823358	38.170783280	155.105366329	 0.152702827	         0.000000000	         0.000000000	         0.000000000
 20821	     -180000	 0.114960379	23.728200033	44.897340348	155.244608707	 0.155085268	         0.000000000	         0.000000000	         0.000000000
 20822	     -179000	 0.115733283	23.837101090	51.534811325	155.370987520	 0.157450690	         0.000000000	         0.000000000	         0.000000000
 20823	     -178000	 0.116291999	23.942451895	58.238455679	155.484677522	 0.159773325	         0.000000000	         0.000000000	         0.000000000
 20824	     -177000	 0.116752823	24.044306989	64.896406369	155.585731362	 0.162051462	         0.000000000	         0.000000000	         0.000000000
 20825	     -176000	 0.117113408	24.141974794	71.546340623	155.676824193	 0.164266445	         0.000000000	         0.000000000	         0.000000000
 20826	     -175000	 0.117516548	24.235187222	78.283318756	155.757831273	 0.166408615	         0.000000000	         0.000000000	         0.000000000
 20827	     -174000	 0.117497825	24.323989648	84.966749026	155.833199334	 0.168475416	         0.000000000	         0.000000000	         0.000000000
 20828	     -173000	 0.117583481	24.407713955	91.663245088	155.904095494	 0.170447532	         0.000000000	         0.000000000	         0.000000000
 20829	     -172000	 0.117702337	24.486545874	98.375414067	155.968385486	 0.172325504	         0.000000000	         0.000000000	         0.000000000
 20830	     -171000	 0.117448939	24.560379233	105.125170560	156.028663081	 0.174103159	         0.000000074	         0.000000000	         0.000000074
 20831	     -170000	 0.117294616	24.628515563	111.794927404	156.080291383	 0.175759915	         0.000001636	         0.000000199	         0.000001834
 20832	     -169000	 0.117051204	24.691056478	118.488750371	156.128203341	 0.177294489	         0.000014475	         0.000000808	         0.000015282
 20833	     -168000	 0.116694469	24.747679595	125.220845564	156.176786653	 0.178695411	         0.000029035	         0.000002829	         0.000031864
 20834	     -167000	 0.116144314	24.797742697	131.875763886	156.224194191	 0.179943248	         0.000031588	         0.000003767	         0.000035355
 20835	     -166000	 0.115557965	24.841092169	138.527230329	156.276208678	 0.181030783	         0.000028753	         0.000003428	         0.000032182
 20836	     -165000	 0.114953875	24.877326778	145.204853870	156.325324488	 0.181944865	         0.000020442	         0.000002493	         0.000022935
 20837	     -164000	 0.114064495	24.906202684	151.887366120	156.362368155	 0.182676614	         0.000010130	         0.000001702	         0.000011831
 20838	     -163000	 0.113160022	24.927437228	158.570460530	156.415151416	 0.183216599	         0.000006688	         0.000001226	         0.000007914
 20839	     -162000	 0.112205950	24.940877468	165.212851485	156.460952188	 0.183559203	         0.000004149	         0.000000743	         0.000004893
 20840	     -161000	 0.111128841	24.946788821	171.954724633	156.509026705	 0.183710091	         0.000002032	         0.000000331	         0.000002363
 20841	     -160000	 0.109982723	24.945086042	178.648317645	156.547721260	 0.183666615	         0.000000526	         0.000000054	         0.000000580
 20842	     -159000	 0.108782538	24.936099830	-174.666274991	156.578783710	 0.183437343	         0.000000001	         0.000000000	         0.000000001
 20843	     -158000	 0.107715009	24.920407394	-167.903733872	156.631634552	 0.183037657	         0.000000000	         0.000000000	         0.000000000
 20844	     -157000	 0.106270321	24.898263706	-161.189282645	156.683434844	 0.182475138	         0.000000000	         0.000000000	         0.000000000
 20845	     -156000	 0.104922200	24.870426901	-154.498520536	156.731076692	 0.181770448	         0.000000000	         0.000000000	         0.000000000
 20846	     -155000	 0.103729263	24.837516634	-147.811480016	156.772776215	 0.180940834	         0.000000000	         0.000000000	         0.000000000
 20847	     -154000	 0.102168826	24.799988809	-141.049107898	156.814510940	 0.179999437	         0.000000000	         0.000000000	         0.000000000
 20848	     -153000	 0.100670931	24.758772243	-134.374251356	156.847100590	 0.178971150	         0.000000000	         0.000000000	         0.000000000
 20849	     -152000	 0.099050831	24.714288333	-127.673192223	156.873710847	 0.177867939	         0.000000000	         0.000000000	         0.000000000
 20850	     -151000	 0.097504847	24.666984470	-120.928289197	156.895292466	 0.176702251	         0.000000000	         0.000000000	         0.000000000
 20851	     -150000	 0.095713095	24.617669046	-114.195970824	156.904218975	 0.175495127	         0.000000000	         0.000000000	         0.000000000
 20852	     -149000	 0.094027396	24.566731161	-107.364459453	156.906150591	 0.174256946	         0.000000000	         0.000000000	         0.000000000
 20853	     -148000	 0.092350801	24.514663224	-100.601377313	156.897853917	 0.173000324	         0.000000000	         0.000000000	         0.000000000
 20854	     -147000	 0.090555507	24.461999598	-93.694027070	156.875418628	 0.171738543	         0.000000000	         0.000000000	         0.000000000
 20855	     -146000	 0.088844758	24.409155167	-86.883208268	156.837965215	 0.170481681	         0.000000000	         0.000000000	         0.000000000
 20856	     -145000	 0.087160066	24.356869149	-80.031519317	156.791475113	 0.169247153	         0.000000000	         0.000000000	         0.000000000
 20857	     -144000	 0.085545294	24.305603580	-73.072406637	156.733606508	 0.168045399	         0.000000000	         0.000000000	         0.000000000
 20858	     -143000	 0.083716342	24.255741123	-66.165386214	156.660418889	 0.166884723	         0.000000000	         0.000000000	         0.000000000
 20859	     -142000	 0.082025317	24.208367750	-59.274259003	156.577972564	 0.165789415	         0.000000000	         0.000000000	         0.000000000
 20860	     -141000	 0.080457978	24.164038814	-52.329228644	156.490149777	 0.164771007	         0.000000000	         0.000000000	         0.000000000
 20861	     -140000	 0.078696245	24.123134581	-45.216632012	156.392508867	 0.163836829	         0.000000000	         0.000000000	         0.000000000
 20862	     -139000	 0.076969496	24.086768000	-38.227399418	156.293301118	 0.163010731	         0.000000000	         0.000000000	         0.000000000
 20863	     -138000	 0.075366589	24.055487843	-31.109108763	156.197713259	 0.162303508	         0.000000000	         0.000000000	         0.000000000
 20864	     -137000	 0.073717305	24.029761119	-23.857142940	156.100001888	 0.161724145	         0.000000000	         0.000000000	         0.000000000
 20865	     -136000	 0.072128219	24.010365752	-16.608955727	156.010990434	 0.161288731	         0.000000000	         0.000000000	         0.000000000
 20866	     -135000	 0.070672647	23.997586095	-9.235159750	155.930264214	 0.161002476	         0.000000000	         0.000000000	         0.000000000
 20867	     -134000	 0.069340845	23.991884948	-1.796399738	155.868709301	 0.160874939	         0.000000000	         0.000000000	         0.000000000
 20868	     -133000	 0.067942036	23.993669277	 5.696256998	155.819574907	 0.160914844	         0.000000000	         0.000000000	         0.000000000
 20869	     -132000	 0.066729839	24.002764835	13.248810693	155.779950191	 0.161118415	         0.000000000	         0.000000000	         0.000000000
 20870	     -131000	 0.065701973	24.019470099	20.755278576	155.754867530	 0.161492972	         0.000000000	         0.000000000	         0.000000000
 20871	     -130000	 0.064694497	24.043863929	28.501796313	155.745100670	 0.162041482	         0.000000000	         0.000000000	         0.000000000
 20872	     -129000	 0.063656618	24.075520037	36.212048969	155.747032472	 0.162756068	         0.000000000	         0.000000000	         0.000000000
 20873	     -128000	 0.062814077	24.114552563	43.884172650	155.766948753	 0.163641504	         0.000000000	         0.000000000	         0.000000000
 20874	     -127000	 0.062190036	24.160709998	51.712946281	155.795278457	 0.164694784	         0.000000000	         0.000000000	         0.000000000
 20875	     -126000	 0.061444730	24.213616146	59.658084167	155.839032094	 0.165910407	         0.000000000	         0.000000000	         0.000000000
 20876	     -125000	 0.060905279	24.273210693	67.612219870	155.893845132	 0.167290457	         0.000000000	         0.000000000	         0.000000000
 20877	     -124000	 0.060605483	24.338983445	75.549732808	155.956182725	 0.168826908	         0.000000000	         0.000000000	         0.000000000
 20878	     -123000	 0.060322707	24.410708946	83.744650553	156.031062009	 0.170518505	         0.000000000	         0.000000000	         0.000000000
 20879	     -122000	 0.060240268	24.488082597	91.730660396	156.115941478	 0.172362318	         0.000000000	         0.000000000	         0.000000000
 20880	     -121000	 0.060310521	24.570445804	99.843564380	156.211741459	 0.174346944	         0.000000000	         0.000000000	         0.000000000
 20881	     -120000	 0.060615009	24.657823538	107.946702881	156.317460038	 0.176477387	         0.000000000	         0.000000000	         0.000000000
 20882	     -119000	 0.060830186	24.749662816	115.985485139	156.420405226	 0.178744678	         0.000000000	         0.000000000	         0.000000000
 20883	     -118000	 0.061370590	24.845188461	123.980184656	156.540314376	 0.181133889	         0.000000000	         0.000000000	         0.000000000
 20884	     -117000	 0.061949112	24.944408877	131.926993379	156.668153801	 0.183649328	         0.000000000	         0.000000000	         0.000000000
 20885	     -116000	 0.062656318	25.046557463	139.966530563	156.812874371	 0.186275501	         0.000000000	         0.000000000	         0.000000000
 20886	     -115000	 0.063344079	25.150981367	147.884613261	156.966695990	 0.188998993	         0.000000000	         0.000000000	         0.000000000
 20887	     -114000	 0.064212536	25.257231565	155.720333812	157.130501739	 0.191810991	         0.000000000	         0.000000000	         0.000000000
 20888	     -113000	 0.065340905	25.364427051	163.588820020	157.307735462	 0.194690407	         0.000000000	         0.000000000	         0.000000000
 20889	     -112000	 0.066309641	25.472179031	171.506143729	157.496857788	 0.197628334	         0.000000000	         0.000000000	         0.000000000
 20890	     -111000	 0.067510544	25.579401868	179.246661016	157.695630223	 0.200595840	         0.000000000	         0.000000000	         0.000000000
 20891	     -110000	 0.068855438	25.685201799	-173.098507467	157.899794278	 0.203567639	         0.000000000	         0.000000000	         0.000000000
 20892	     -109000	 0.070223869	25.789257696	-165.346901108	158.135297879	 0.206533391	         0.000000000	         0.000000000	         0.000000000
 20893	     -108000	 0.071659924	25.890183728	-157.827053040	158.369548094	 0.209451208	         0.000000000	         0.000000000	         0.000000000
 20894	     -107000	 0.073248299	25.987304624	-150.343952519	158.612301025	 0.212297931	         0.000000000	         0.000000000	         0.000000000
 20895	     -106000	 0.074795665	26.080124831	-142.820398658	158.857613961	 0.215054746	         0.000000000	         0.000000000	         0.000000000
 20896	     -105000	 0.076303131	26.167376330	-135.424019480	159.104124322	 0.217678802	         0.000000000	         0.000000000	         0.000000000
 20897	     -104000	 0.077944678	26.249028824	-128.132242408	159.351415398	 0.220163463	         0.000000000	         0.000000000	         0.000000000
 20898	     -103000	 0.079653700	26.324399442	-120.835778795	159.594609548	 0.222482134	         0.000000000	         0.000000000	         0.000000000
 20899	     -102000	 0.081245405	26.392558106	-113.497879067	159.830435241	 0.224599958	         0.000000000	         0.000000000	         0.000000000
 20900	     -101000	 0.082905851	26.454010751	-106.255601474	160.053949445	 0.226526690	         0.000000000	         0.000000000	         0.000000000
 20901	     -100000	 0.084561943	26.508018289	-99.117519156	160.262827371	 0.228233635	         0.000000000	         0.000000000	         0.000000000
 20902	      -99000	 0.086389596	26.554242789	-91.905895043	160.459407620	 0.229704805	         0.000000000	         0.000000000	         0.000000000
 20903	      -98000	 0.088081511	26.593184343	-84.744085779	160.626754503	 0.230951539	         0.000000000	         0.000000000	         0.000000000
 20904	      -97000	 0.089787700	26.624056541	-77.666208382	160.769536938	 0.231944736	         0.000000000	         0.000000000	         0.000000000
 20905	      -96000	 0.091655547	26.647071155	-70.662619373	160.889009088	 0.232687923	         0.000000000	         0.000000000	         0.000000000
 20906	      -95000	 0.093266542	26.662376195	-63.605205688	160.971524255	 0.233183470	         0.000000000	         0.000000000	         0.000000000
 20907	      -94000	 0.094958482	26.669034293	-56.669115065	161.019640722	 0.233399376	         0.000000000	         0.000000000	         0.000000000
 20908	      -93000	 0.096624922	26.667533742	-49.773580760	161.036716005	 0.233350699	         0.000000000	         0.000000000	         0.000000000
 20909	      -92000	 0.098202523	26.657526368	-42.752537474	161.016075986	 0.233026328	         0.000000000	         0.000000000	         0.000000000
 20910	      -91000	 0.099606850	26.638211146	-35.896984838	160.957497393	 0.232401535	         0.000000000	         0.000000000	         0.000000000
 20911	      -90000	 0.101130171	26.610110151	-28.990237958	160.868088392	 0.231495536	         0.000000000	         0.000000000	         0.000000000
 20912	      -89000	 0.102664151	26.572540978	-22.129805873	160.747546505	 0.230289791	         0.000000000	         0.000000000	         0.000000000
 20913	      -88000	 0.103938334	26.525369198	-15.179889311	160.592316738	 0.228784748	         0.000000000	         0.000000000	         0.000000000
 20914	      -87000	 0.105376627	26.469033618	-8.342102924	160.416480069	 0.227000212	         0.000000000	         0.000000000	         0.000000000
 20915	      -86000	 0.106668109	26.402954897	-1.543456330	160.222701242	 0.224924774	         0.000000000	         0.000000000	         0.000000000
 20916	      -85000	 0.108043764	26.327790236	 5.312996708	160.010690849	 0.222587019	         0.000000000	         0.000000000	         0.000000000
 20917	      -84000	 0.109259935	26.244140463	12.093140301	159.776711683	 0.220013917	         0.000000000	         0.000000000	         0.000000000
 20918	      -83000	 0.110408185	26.151993854	18.843266466	159.528756524	 0.217213866	         0.000000000	         0.000000000	         0.000000000
 20919	      -82000	 0.111609594	26.052463392	25.574114090	159.272994351	 0.214229461	         0.000000000	         0.000000000	         0.000000000
 20920	      -81000	 0.112501109	25.946124628	32.336435922	159.003351575	 0.211086205	         0.000003451	         0.000000000	         0.000003451
 20921	      -80000	 0.113406621	25.833775016	38.994944817	158.736436604	 0.207815363	         0.000015687	         0.000000005	         0.000015692
 20922	      -79000	 0.114262012	25.716485790	45.670824323	158.460298474	 0.204454775	         0.000027797	         0.000001023	         0.000028819
 20923	      -78000	 0.114959478	25.594536256	52.460908210	158.180707033	 0.201018274	         0.000037340	         0.000002429	         0.000039769
 20924	      -77000	 0.115469999	25.469291967	59.116301864	157.901715212	 0.197549041	         0.000040944	         0.000002889	         0.000043832
 20925	      -76000	 0.116021941	25.341276495	65.800550868	157.622372794	 0.194064914	         0.000039930	         0.000002484	         0.000042415
 20926	      -75000	 0.116517503	25.210584791	72.546362805	157.344295709	 0.190571331	         0.000034732	         0.000001488	         0.000036220
 20927	      -74000	 0.116826335	25.078499544	79.258085071	157.067660262	 0.187104394	         0.000024597	         0.000000241	         0.000024838
 20928	      -73000	 0.117170715	24.945015705	85.940955413	156.792500379	 0.183664819	         0.000012522	         0.000000000	         0.000012522
 20929	      -72000	 0.117469291	24.810374084	92.589489467	156.522686669	 0.180259463	         0.000002111	         0.000000000	         0.000002111
 20930	      -71000	 0.117543929	24.675477741	99.298374357	156.255332598	 0.176910983	         0.000000000	         0.000000000	         0.000000000
 20931	      -70000	 0.117618325	24.539939096	105.940208940	155.988705926	 0.173609203	         0.000000095	         0.000000001	         0.000000096
 20932	      -69000	 0.117522174	24.404474741	112.524463742	155.724331106	 0.170370805	         0.000000262	         0.000000015	         0.000000277
 20933	      -68000	 0.117449283	24.269751992	119.183202480	155.454920173	 0.167210050	         0.000000327	         0.000000021	         0.000000349
 20934	      -67000	 0.117090878	24.135524532	125.821109120	155.192983793	 0.164119232	         0.000000206	         0.000000007	         0.000000213
 20935	      -66000	 0.116695719	24.003138132	132.442937564	154.935544813	 0.161126775	         0.000000045	         0.000000000	         0.000000045
 20936	      -65000	 0.116303997	23.872912780	139.025205085	154.681603546	 0.158236406	         0.000000000	         0.000000000	         0.000000000
 20937	      -64000	 0.115626432	23.745097477	145.748638834	154.429948195	 0.155449952	         0.000000000	         0.000000000	         0.000000000
 20938	      -63000	 0.114999642	23.621418574	152.379810965	154.184142812	 0.152800395	         0.000000000	         0.000000000	         0.000000000
 20939	      -62000	 0.114283649	23.501979354	159.003532598	153.945480119	 0.150284537	         0.000000000	         0.000000000	         0.000000000
 20940	      -61000	 0.113531030	23.387438017	165.788285431	153.722055632	 0.147910767	         0.000000000	         0.000000000	         0.000000000
 20941	      -60000	 0.112551005	23.279325931	172.409679135	153.502735784	 0.145704644	         0.000000000	         0.000000000	         0.000000000
 20942	      -59000	 0.111658036	23.177564718	179.133667452	153.291857433	 0.143658187	         0.000000000	         0.000000000	         0.000000000
 20943	      -58000	 0.110711029	23.082932068	-174.188779185	153.090954772	 0.141780890	         0.000000000	         0.000000000	         0.000000000
 20944	      -57000	 0.109515538	22.996088468	-167.406446767	152.924290603	 0.140079704	         0.000000000	         0.000000000	         0.000000000
 20945	      -56000	 0.108363066	22.916897378	-160.680149192	152.774239722	 0.138546224	         0.000000000	         0.000000000	         0.000000000
 20946	      -55000	 0.107077802	22.845945713	-153.941067852	152.644545043	 0.137186557	         0.000000000	         0.000000000	         0.000000000
 20947	      -54000	 0.105870971	22.782890099	-147.097706932	152.530901189	 0.135989408	         0.000000000	         0.000000000	         0.000000000
 20948	      -53000	 0.104417335	22.727644816	-140.251906593	152.444415843	 0.134949132	         0.000000000	         0.000000000	         0.000000000
 20949	      -52000	 0.102994626	22.680345848	-133.366406660	152.381323382	 0.134064812	         0.000000000	         0.000000000	         0.000000000
 20950	      -51000	 0.101645415	22.640205081	-126.436007151	152.333664667	 0.133318871	         0.000000000	         0.000000000	         0.000000000
 20951	      -50000	 0.100119271	22.607092644	-119.417466034	152.310132317	 0.132706664	         0.000000000	         0.000000000	         0.000000000
 20952	      -49000	 0.098719944	22.580843085	-112.431172354	152.318793788	 0.132223341	         0.000000000	         0.000000000	         0.000000000
 20953	      -48000	 0.097327639	22.560765671	-105.413531728	152.346008667	 0.131854851	         0.000000000	         0.000000000	         0.000000000
 20954	      -47000	 0.095885444	22.546799816	-98.199139184	152.389474925	 0.131599136	         0.000000000	         0.000000000	         0.000000000
 20955	      -46000	 0.094317785	22.538581050	-91.111280432	152.445298152	 0.131448882	         0.000000000	         0.000000000	         0.000000000
 20956	      -45000	 0.092896913	22.535811908	-83.975039159	152.516164199	 0.131398296	         0.000000000	         0.000000000	         0.000000000
 20957	      -44000	 0.091485680	22.538513383	-76.684787866	152.589338022	 0.131447645	         0.000000000	         0.000000000	         0.000000000
 20958	      -43000	 0.089945496	22.546225509	-69.303197442	152.673829445	 0.131588631	         0.000000000	         0.000000000	         0.000000000
 20959	      -42000	 0.088494078	22.558982839	-61.940482079	152.755814757	 0.131822180	         0.000000000	         0.000000000	         0.000000000
 20960	      -41000	 0.087043053	22.576574128	-54.500406596	152.840839229	 0.132144905	         0.000000000	         0.000000000	         0.000000000
 20961	      -40000	 0.085663300	22.598675755	-46.906747096	152.929196187	 0.132551495	         0.000000000	         0.000000000	         0.000000000
 20962	      -39000	 0.084406687	22.625248227	-39.268699058	153.010440967	 0.133041989	         0.000000000	         0.000000000	         0.000000000
 20963	      -38000	 0.083106709	22.655842399	-31.584854197	153.082997701	 0.133608966	         0.000000000	         0.000000000	         0.000000000
 20964	      -37000	 0.082107173	22.690279986	-23.777141751	153.160043682	 0.134250062	         0.000000000	         0.000000000	         0.000000000
 20965	      -36000	 0.080938392	22.728272811	-15.967998783	153.228913626	 0.134960913	         0.000000000	         0.000000000	         0.000000000
 20966	      -35000	 0.079978433	22.769121224	-8.166579713	153.300467444	 0.135729391	         0.000000000	         0.000000000	         0.000000000
 20967	      -34000	 0.079200362	22.812710091	-0.359243973	153.376561659	 0.136554251	         0.000000000	         0.000000000	         0.000000000
 20968	      -33000	 0.078368383	22.858599208	 7.685635996	153.451864674	 0.137428058	         0.000000000	         0.000000000	         0.000000000
 20969	      -32000	 0.077598151	22.906127907	15.553126894	153.527340806	 0.138338981	         0.000000000	         0.000000000	         0.000000000
 20970	      -31000	 0.076900570	22.955183869	23.468249189	153.592526006	 0.139285507	         0.000000000	         0.000000000	         0.000000000
 20971	      -30000	 0.076487262	23.005260569	31.480229612	153.657081034	 0.140258409	         0.000000000	         0.000000000	         0.000000000
 20972	      -29000	 0.075902330	23.056244648	39.540608954	153.724047792	 0.141255921	         0.000000000	         0.000000000	         0.000000000
 20973	      -28000	 0.075595269	23.107801237	47.564478212	153.784767615	 0.142271848	         0.000000000	         0.000000000	         0.000000000
 20974	      -27000	 0.075350067	23.159537581	55.577029363	153.844915693	 0.143298663	         0.000000000	         0.000000000	         0.000000000
 20975	      -26000	 0.075234139	23.211862617	63.692760471	153.905001440	 0.144344699	         0.000000000	         0.000000000	         0.000000000
 20976	      -25000	 0.075264147	23.264376467	71.597343917	153.964335638	 0.145402187	         0.000000000	         0.000000000	         0.000000000
 20977	      -24000	 0.075386364	23.316994403	79.578954515	154.019430756	 0.146469542	         0.000000000	         0.000000000	         0.000000000
 20978	      -23000	 0.075664484	23.370248521	87.487799704	154.080683295	 0.147557779	         0.000000000	         0.000000000	         0.000000000
 20979	      -22000	 0.075904585	23.423836015	95.314103165	154.134738262	 0.148660991	         0.000000000	         0.000000000	         0.000000000
 20980	      -21000	 0.076213925	23.477962509	103.033806906	154.190628403	 0.149783672	         0.000000000	         0.000000000	         0.000000000
 20981	      -20000	 0.076713896	23.533051402	110.676182490	154.257480617	 0.150935022	         0.000000000	         0.000000000	         0.000000000
 20982	      -19000	 0.077230707	23.588964380	118.452530545	154.322739002	 0.152112644	         0.000000000	         0.000000000	         0.000000000
 20983	      -18000	 0.077641295	23.646252412	125.960268988	154.383403988	 0.153328758	         0.000000000	         0.000000000	         0.000000000
 20984	      -17000	 0.078233217	23.705011777	133.450221427	154.455687130	 0.154586207	         0.000000000	         0.000000000	         0.000000000
 20985	      -16000	 0.079013665	23.765397277	140.960763547	154.545631693	 0.155889200	         0.000000000	         0.000000000	         0.000000000
 20986	      -15000	 0.079622813	23.828158458	148.371787505	154.639644243	 0.157255096	         0.000000000	         0.000000000	         0.000000000
 20987	      -14000	 0.080432836	23.893156113	155.665201935	154.749709248	 0.158682282	         0.000000000	         0.000000000	         0.000000000
 20988	      -13000	 0.081318133	23.960901417	162.914934246	154.873885408	 0.160183587	         0.000000000	         0.000000000	         0.000000000
 20989	      -12000	 0.082179039	24.031878352	170.097559659	155.014153163	 0.161771747	         0.000000000	         0.000000000	         0.000000000
 20990	      -11000	 0.083078657	24.105961246	177.133908653	155.166390636	 0.163446201	         0.000000000	         0.000000000	         0.000000000
 20991	      -10000	 0.084058613	24.183811399	-175.917851386	155.329954322	 0.165224485	         0.000000000	         0.000000000	         0.000000000
 20992	       -9000	 0.085022293	24.265555248	-168.930289777	155.524371156	 0.167112537	         0.000000000	         0.000000000	         0.000000000
 20993	       -8000	 0.085893190	24.351202710	-162.124041770	155.736388655	 0.169113901	         0.000000000	         0.000000000	         0.000000000
 20994	       -7000	 0.086789046	24.441161342	-155.329110324	155.971719279	 0.171241819	         0.000000000	         0.000000000	         0.000000000
 20995	       -6000	 0.087816822	24.535253348	-148.611102880	156.217036235	 0.173496165	         0.000000000	         0.000000000	         0.000000000
 20996	       -5000	 0.088700617	24.633724519	-141.855828162	156.481752461	 0.175887219	         0.000000000	         0.000000000	         0.000000000
 20997	       -4000	 0.089582487	24.736458153	-135.201045521	156.765035577	 0.178416903	         0.000000000	         0.000000000	         0.000000000
 20998	       -3000	 0.090497330	24.843270758	-128.653555394	157.056728850	 0.181085612	         0.000000000	         0.000000000	         0.000000000
 20999	       -2000	 0.091571466	24.954662590	-121.964549131	157.369695016	 0.183911264	         0.000000000	         0.000000000	         0.000000000
 21000	       -1000	 0.092413567	25.070009643	-115.454439254	157.682676872	 0.186883723	         0.000000000	         0.000000000	         0.000000000
 21001	           0	 0.093315101	25.189417000	-108.955069177	158.009812105	 0.190011433	         0.000000000	         0.000000000	         0.000000000
