LaskarTimestep	time_years	ecc	obl	Lsp	Tsurf	SF12	ForcedConv	FreeConv	TotalSubl
 20501	     -500000	 0.053483653	32.703763755	-67.814367410	172.485366387	 0.000000000	         0.031762281	         0.022717802	         0.054480083
 20502	     -499000	 0.053288153	32.488620538	-59.367825181	172.190269675	 0.000000000	         0.030511789	         0.021808214	         0.052320002
 20503	     -498000	 0.053377802	32.256228450	-50.865905620	171.847566544	 0.000000000	         0.029331701	         0.020958035	         0.050289735
 20504	     -497000	 0.053647700	32.006039467	-42.223229794	171.457123186	 0.000000000	         0.028240098	         0.020181488	         0.048421586
 20505	     -496000	 0.054047376	31.738155109	-33.689989970	171.016287844	 0.000000000	         0.027160863	         0.019417386	         0.046578249
 20506	     -495000	 0.054631131	31.454701396	-25.262552658	170.531275730	 0.000000000	         0.026065582	         0.018642675	         0.044708257
 20507	     -494000	 0.055503104	31.154095440	-16.914646569	170.006964096	 0.000000000	         0.024921610	         0.017832632	         0.042754242
 20508	     -493000	 0.056285559	30.837897089	-8.625617696	169.439373442	 0.000000000	         0.023736038	         0.016992169	         0.040728207
 20509	     -492000	 0.057273798	30.508467070	-0.601773950	168.848717555	 0.000000000	         0.022471229	         0.016091509	         0.038562738
 20510	     -491000	 0.058303969	30.164542217	 7.329286080	168.225800257	 0.000000000	         0.021110098	         0.015116331	         0.036226429
 20511	     -490000	 0.059484652	29.808813997	15.267923373	167.577088659	 0.000000000	         0.019685231	         0.014092070	         0.033777301
 20512	     -489000	 0.060538153	29.442650094	23.011034297	166.911277273	 0.000000000	         0.018169672	         0.012999503	         0.031169175
 20513	     -488000	 0.061639490	29.066784175	30.704745155	166.222832496	 0.000000000	         0.016572667	         0.011846253	         0.028418919
 20514	     -487000	 0.062886122	28.683922654	38.224408913	165.516837466	 0.000000000	         0.014904000	         0.010640122	         0.025544122
 20515	     -486000	 0.064104852	28.293832465	45.936134667	164.788457975	 0.000000000	         0.013219545	         0.009424585	         0.022644130
 20516	     -485000	 0.065275801	27.899601971	53.414207966	164.047728565	 0.000000000	         0.011502866	         0.008187191	         0.019690057
 20517	     -484000	 0.066523121	27.502929228	60.816856720	163.298224093	 0.000000000	         0.009830203	         0.006985908	         0.016816111
 20518	     -483000	 0.067980414	27.102757701	68.326978207	162.526937810	 0.000000000	         0.008222633	         0.005835520	         0.014058153
 20519	     -482000	 0.069279862	26.702831910	75.589135537	161.753259155	 0.000000000	         0.006707707	         0.004755843	         0.011463550
 20520	     -481000	 0.070766927	26.303573924	82.822812481	160.849002325	 0.000000000	         0.005113163	         0.003610960	         0.008724123
 20521	     -480000	 0.072297673	25.904594183	90.011690551	160.034358074	 0.000000000	         0.003899333	         0.002754663	         0.006653996
 20522	     -479000	 0.073750478	25.509120825	97.135510913	159.207030496	 0.000000000	         0.002860443	         0.002024329	         0.004884771
 20523	     -478000	 0.075291017	25.116205047	104.020098171	158.346970816	 0.000000000	         0.001988256	         0.001411534	         0.003399790
 20524	     -477000	 0.076898065	24.726864180	110.918557181	157.454818230	 0.000000000	         0.001297444	         0.000926234	         0.002223678
 20525	     -476000	 0.078610144	24.343391493	117.769152026	156.511238444	 0.000000000	         0.000775660	         0.000558334	         0.001333994
 20526	     -475000	 0.080147059	23.964548390	124.453057477	155.504997643	 0.000000000	         0.000407223	         0.000296751	         0.000703974
 20527	     -474000	 0.081736300	23.592875073	131.020021714	154.399997552	 0.000000000	         0.000173889	         0.000128847	         0.000302736
 20528	     -473000	 0.083438263	23.229283684	137.468539094	153.107468851	 0.000000000	         0.000047934	         0.000035317	         0.000083252
 20529	     -472000	 0.085024744	22.873732872	143.925470048	151.206081823	 0.000000000	         0.000002755	         0.000001891	         0.000004646
 20530	     -471000	 0.086547933	22.529770671	150.195334867	149.334818393	 0.000000000	         0.000000049	         0.000000001	         0.000000050
 20531	     -470000	 0.088039061	22.197244271	156.361051185	149.333371200	 0.000000000	         0.000000049	         0.000000001	         0.000000050
 20532	     -469000	 0.089502226	21.877494687	162.561079922	149.331346378	 0.000000000	         0.000000049	         0.000000001	         0.000000050
 20533	     -468000	 0.090729618	21.573982193	168.627502878	149.328751849	 0.000000000	         0.000000049	         0.000000001	         0.000000050
 20534	     -467000	 0.091988770	21.286308398	174.612217699	149.325741123	 0.000000000	         0.000000049	         0.000000001	         0.000000050
 20535	     -466000	 0.093237521	21.016546235	-179.294602679	149.322198882	 0.000000000	         0.000000049	         0.000000001	         0.000000049
 20536	     -465000	 0.094204887	20.766837482	-173.280920725	149.318177726	 0.000000000	         0.000000049	         0.000000001	         0.000000049
 20537	     -464000	 0.095244397	20.537205881	-167.314968424	149.313830611	 0.000000000	         0.000000049	         0.000000001	         0.000000049
 20538	     -463000	 0.096312874	20.329546983	-161.363161225	149.309139337	 0.000000000	         0.000000048	         0.000000001	         0.000000049
 20539	     -462000	 0.097278858	20.143863604	-155.323193101	149.304005772	 0.000000000	         0.000000048	         0.000000001	         0.000000049
 20540	     -461000	 0.098254956	19.980760304	-149.424423734	149.298693600	 0.000000000	         0.000000048	         0.000000001	         0.000000049
 20541	     -460000	 0.099104240	19.841112321	-143.506292126	149.293072752	 0.000000000	         0.000000048	         0.000000001	         0.000000049
 20542	     -459000	 0.100206210	19.723633083	-137.617000694	149.287257376	 0.000000000	         0.000000048	         0.000000001	         0.000000049
 20543	     -458000	 0.101029490	19.628903216	-131.780502330	149.281272010	 0.000000000	         0.000000048	         0.000000001	         0.000000049
 20544	     -457000	 0.101843791	19.556180600	-125.984251201	149.275173829	 0.000000000	         0.000000048	         0.000000001	         0.000000049
 20545	     -456000	 0.102644204	19.504268931	-120.267447087	149.269052088	 0.000000000	         0.000000048	         0.000000001	         0.000000049
 20546	     -455000	 0.103279566	19.473503825	-114.469057938	149.262815731	 0.000000000	         0.000000048	         0.000000001	         0.000000049
 20547	     -454000	 0.103740329	19.461807786	-108.793202614	149.256766618	 0.000000000	         0.000000048	         0.000000001	         0.000000049
 20548	     -453000	 0.104099069	19.468549107	-103.074824993	149.250800193	 0.000000000	         0.000000048	         0.000000001	         0.000000049
 20549	     -452000	 0.104512313	19.493756510	-97.261009048	149.244896924	 0.000000000	         0.000000048	         0.000000001	         0.000000048
 20550	     -451000	 0.104488019	19.535143430	-91.476132378	149.239448277	 0.000000000	         0.000000048	         0.000000001	         0.000000048
 20551	     -450000	 0.104580432	19.592772102	-85.643813392	149.234273458	 0.000000000	         0.000000048	         0.000000001	         0.000000048
 20552	     -449000	 0.104597861	19.666035783	-79.761277806	149.229534962	 0.000000000	         0.000000048	         0.000000001	         0.000000048
 20553	     -448000	 0.104415746	19.753339038	-73.738059487	149.225341413	 0.000000000	         0.000000047	         0.000000001	         0.000000048
 20554	     -447000	 0.104213875	19.855322745	-67.798218820	149.221849554	 0.000000000	         0.000000047	         0.000000001	         0.000000048
 20555	     -446000	 0.103913767	19.970649858	-61.716485987	149.219050420	 0.000000000	         0.000000047	         0.000000001	         0.000000048
 20556	     -445000	 0.103632189	20.098451812	-55.561593016	149.217004760	 0.000000000	         0.000000047	         0.000000001	         0.000000048
 20557	     -444000	 0.103142396	20.239479855	-49.397543857	149.215954415	 0.000000000	         0.000000047	         0.000000001	         0.000000048
 20558	     -443000	 0.102594499	20.392340109	-43.180589867	149.215838501	 0.000000000	         0.000000047	         0.000000001	         0.000000048
 20559	     -442000	 0.102094276	20.556316961	-36.906770136	149.216620932	 0.000000000	         0.000000047	         0.000000001	         0.000000048
 20560	     -441000	 0.101418020	20.731396369	-30.501263454	149.218501705	 0.000000000	         0.000000047	         0.000000001	         0.000000048
 20561	     -440000	 0.100612810	20.916451762	-24.131887082	149.221401757	 0.000000000	         0.000000047	         0.000000001	         0.000000048
 20562	     -439000	 0.099801682	21.110735354	-17.707785438	149.225222180	 0.000000000	         0.000000047	         0.000000001	         0.000000048
 20563	     -438000	 0.098991063	21.313165946	-11.120461420	149.229990025	 0.000000000	         0.000000048	         0.000000001	         0.000000048
 20564	     -437000	 0.097988888	21.522641323	-4.589955745	149.235596741	 0.000000000	         0.000000048	         0.000000001	         0.000000048
 20565	     -436000	 0.097012296	21.738411815	 1.999400543	149.241886237	 0.000000000	         0.000000048	         0.000000001	         0.000000049
 20566	     -435000	 0.096112405	21.959199964	 8.708213249	149.248797557	 0.000000000	         0.000000048	         0.000000001	         0.000000049
 20567	     -434000	 0.094871947	22.183936174	15.425421999	149.256248686	 0.000000000	         0.000000048	         0.000000001	         0.000000049
 20568	     -433000	 0.093717211	22.411455413	22.149081502	149.263910846	 0.000000000	         0.000000048	         0.000000001	         0.000000049
 20569	     -432000	 0.092570945	22.641216795	28.915953590	151.719011259	 0.000000000	         0.000002920	         0.000001993	         0.000004913
 20570	     -431000	 0.091280719	22.872575902	35.851098345	152.967095354	 0.000000000	         0.000016439	         0.000011826	         0.000028265
 20571	     -430000	 0.089880819	23.104270285	42.752121722	153.846594781	 0.000000000	         0.000045932	         0.000033697	         0.000079629
 20572	     -429000	 0.088407314	23.336253064	49.761852521	154.556935330	 0.000000000	         0.000098143	         0.000072840	         0.000170984
 20573	     -428000	 0.087055942	23.568404303	56.828114803	155.176303710	 0.000000000	         0.000179917	         0.000132682	         0.000312600
 20574	     -427000	 0.085523656	23.800273683	64.050375750	155.726579945	 0.000000000	         0.000298382	         0.000218165	         0.000516547
 20575	     -426000	 0.084054184	24.031816180	71.371111583	156.235110520	 0.000000000	         0.000463760	         0.000336573	         0.000800333
 20576	     -425000	 0.082640209	24.262875673	78.704281287	156.710785833	 0.000000000	         0.000682739	         0.000492362	         0.001175101
 20577	     -424000	 0.081254428	24.494013611	86.283114421	157.160530620	 0.000000000	         0.000962864	         0.000690763	         0.001653627
 20578	     -423000	 0.079854296	24.725194202	93.752355689	157.594971752	 0.000000000	         0.001305056	         0.000932111	         0.002237167
 20579	     -422000	 0.078553475	24.955606627	101.346534410	158.015522818	 0.000000000	         0.001710439	         0.001217281	         0.002927721
 20580	     -421000	 0.077463566	25.186350218	109.066419876	158.427720264	 0.000000000	         0.002177203	         0.001544859	         0.003722062
 20581	     -420000	 0.076046534	25.417401988	116.810454550	158.830222793	 0.000000000	         0.002666673	         0.001886364	         0.004553038
 20582	     -419000	 0.074886169	25.647626042	124.541382536	159.381451026	 0.000000000	         0.003381714	         0.002398446	         0.005780160
 20583	     -418000	 0.073764864	25.877504820	132.342403219	159.795386203	 0.000000000	         0.003946167	         0.002793459	         0.006739626
 20584	     -417000	 0.072698089	26.106626624	140.330293506	160.090585592	 0.000000000	         0.004325221	         0.003043756	         0.007368976
 20585	     -416000	 0.071481174	26.334548067	148.230073918	160.649309128	 0.000000000	         0.005089407	         0.003589071	         0.008678479
 20586	     -415000	 0.070438602	26.560782398	156.299431877	161.087161633	 0.000000000	         0.005626453	         0.003958929	         0.009585382
 20587	     -414000	 0.069487040	26.784373933	164.407454804	161.539437720	 0.000000000	         0.006126550	         0.004300844	         0.010427394
 20588	     -413000	 0.068557237	27.005600883	172.584617908	162.012034727	 0.000000000	         0.006581149	         0.004608995	         0.011190144
 20589	     -412000	 0.067751789	27.223425841	-179.159080626	162.495650192	 0.000000000	         0.006971101	         0.004868936	         0.011840038
 20590	     -411000	 0.067111113	27.436839030	-170.906675002	162.993987036	 0.000000000	         0.007301373	         0.005084614	         0.012385987
 20591	     -410000	 0.066482115	27.646315655	-162.509726288	163.419732776	 0.000000000	         0.007420086	         0.005140800	         0.012560887
 20592	     -409000	 0.065904691	27.850601462	-154.211828413	163.945683092	 0.000000000	         0.007668220	         0.005299529	         0.012967749
 20593	     -408000	 0.065517944	28.049456228	-145.949687243	164.467627505	 0.000000000	         0.007877644	         0.005431120	         0.013308764
 20594	     -407000	 0.065332851	28.243228828	-137.516629651	164.988577515	 0.000000000	         0.008049471	         0.005536686	         0.013586158
 20595	     -406000	 0.064967014	28.430711575	-129.093539419	165.497403885	 0.000000000	         0.008213199	         0.005637915	         0.013851114
 20596	     -405000	 0.064812231	28.612340545	-120.827735272	165.988635714	 0.000000000	         0.008394301	         0.005753017	         0.014147318
 20597	     -404000	 0.064847606	28.788137444	-112.516470610	166.459234021	 0.000000000	         0.008588543	         0.005878554	         0.014467096
 20598	     -403000	 0.064893803	28.957411961	-104.127488074	166.903962053	 0.000000000	         0.008820264	         0.006032461	         0.014852725
 20599	     -402000	 0.065050817	29.120604728	-95.852665171	167.398434421	 0.000000000	         0.009243428	         0.006331007	         0.015574435
 20600	     -401000	 0.065326528	29.277183504	-87.650634931	167.690297518	 0.000000000	         0.009473681	         0.006479774	         0.015953455
 20601	     -400000	 0.065761510	29.427107531	-79.415707434	168.026855334	 0.000000000	         0.009914732	         0.006787447	         0.016702179
 20602	     -399000	 0.066134286	29.570418567	-71.395309280	168.396832220	 0.000000000	         0.010611241	         0.007287209	         0.017898450
 20603	     -398000	 0.066677957	29.705890532	-63.372382483	168.642573123	 0.000000000	         0.011278216	         0.007761797	         0.019040014
 20604	     -397000	 0.067321109	29.833968797	-55.517321169	168.838910800	 0.000000000	         0.012059777	         0.008321620	         0.020381397
 20605	     -396000	 0.067841888	29.954156486	-47.623770726	168.989051963	 0.000000000	         0.013007560	         0.009006593	         0.022014153
 20606	     -395000	 0.068446604	30.064871194	-39.894880808	169.087790690	 0.000000000	         0.014080268	         0.009787514	         0.023867782
 20607	     -394000	 0.069056594	30.166494758	-32.261133437	169.071266574	 0.000000000	         0.015115593	         0.010538834	         0.025654427
 20608	     -393000	 0.069830315	30.258005064	-24.580012009	169.163213848	 0.000000000	         0.016712220	         0.011730982	         0.028443202
 20609	     -392000	 0.070364828	30.338292323	-16.949489692	169.135733519	 0.000000000	         0.018285557	         0.012910457	         0.031196015
 20610	     -391000	 0.071069537	30.407452813	-9.422837673	169.070206787	 0.000000000	         0.019976791	         0.014191720	         0.034168511
 20611	     -390000	 0.071974637	30.464168161	-1.989558957	168.979674270	 0.000000000	         0.021813663	         0.015600780	         0.037414442
 20612	     -389000	 0.072694139	30.508252531	 5.597531740	168.858011622	 0.000000000	         0.023838511	         0.017173684	         0.041012195
 20613	     -388000	 0.073599872	30.539450689	12.910982524	168.719838633	 0.000000000	         0.025921741	         0.018812621	         0.044734361
 20614	     -387000	 0.074543853	30.556607757	20.224631820	168.556672498	 0.000000000	         0.028071061	         0.020526839	         0.048597900
 20615	     -386000	 0.075566540	30.560587332	27.486301600	168.375013298	 0.000000000	         0.030249259	         0.022289024	         0.052538282
 20616	     -385000	 0.076485975	30.550826221	34.596577097	168.178728258	 0.000000000	         0.032343179	         0.024007927	         0.056351106
 20617	     -384000	 0.077541059	30.526875215	41.661964832	167.962935494	 0.000000000	         0.034316987	         0.025652196	         0.059969183
 20618	     -383000	 0.078573765	30.489771046	48.661430888	167.736184248	 0.000000000	         0.036106046	         0.027164813	         0.063270858
 20619	     -382000	 0.079500041	30.438760556	55.635630547	167.502693742	 0.000000000	         0.037648248	         0.028489190	         0.066137438
 20620	     -381000	 0.080402545	30.374413693	62.482195433	167.257600239	 0.000000000	         0.038799230	         0.029497089	         0.068296319
 20621	     -380000	 0.081375338	30.297212191	69.296712439	167.010215018	 0.000000000	         0.039638937	         0.030250611	         0.069889548
 20622	     -379000	 0.082284373	30.206346938	76.185991488	166.751468637	 0.000000000	         0.040017602	         0.030617223	         0.070634825
 20623	     -378000	 0.083049984	30.103098249	82.990154027	166.496570625	 0.000000000	         0.039916796	         0.030575907	         0.070492703
 20624	     -377000	 0.083857725	29.987064110	89.737708666	166.219788843	 0.000000000	         0.039275462	         0.030075495	         0.069350957
 20625	     -376000	 0.084810534	29.857578588	96.491010331	165.884687962	 0.000000000	         0.037653254	         0.028740723	         0.066393977
 20626	     -375000	 0.085547898	29.716190947	103.293678277	165.615018730	 0.000000000	         0.036074183	         0.027446229	         0.063520412
 20627	     -374000	 0.086310245	29.561732534	109.980901135	165.431156827	 0.000000000	         0.034727269	         0.026353430	         0.061080699
 20628	     -373000	 0.087220885	29.394130740	116.615450043	165.155077626	 0.000000000	         0.032397845	         0.024444914	         0.056842760
 20629	     -372000	 0.087896304	29.214470266	123.340123235	164.877852498	 0.000000000	         0.029725471	         0.022272450	         0.051997921
 20630	     -371000	 0.088614506	29.021319542	129.933008314	164.598818023	 0.000000000	         0.026922665	         0.020021453	         0.046944118
 20631	     -370000	 0.089361930	28.815628023	136.537886158	164.314118270	 0.000000000	         0.024050320	         0.017742747	         0.041793068
 20632	     -369000	 0.090081311	28.597684364	143.171191562	164.024008478	 0.000000000	         0.021170542	         0.015487681	         0.036658223
 20633	     -368000	 0.090634649	28.366654751	149.716933363	163.718025275	 0.000000000	         0.018308117	         0.013276671	         0.031584788
 20634	     -367000	 0.091311248	28.124317198	156.301421281	163.408846729	 0.000000000	         0.015633266	         0.011242506	         0.026875772
 20635	     -366000	 0.092003515	27.870318059	162.767453622	163.079870910	 0.000000000	         0.013134041	         0.009370415	         0.022504456
 20636	     -365000	 0.092570801	27.604992693	169.371806482	162.733326883	 0.000000000	         0.010808749	         0.007652870	         0.018461619
 20637	     -364000	 0.093119552	27.330446081	175.827157039	162.385664681	 0.000000000	         0.008796517	         0.006189483	         0.014985999
 20638	     -363000	 0.093640067	27.046354091	-177.781266293	162.013396952	 0.000000000	         0.007028439	         0.004918675	         0.011947114
 20639	     -362000	 0.094269015	26.754330361	-171.315876311	161.610833382	 0.000000000	         0.005496254	         0.003828103	         0.009324357
 20640	     -361000	 0.094618814	26.456094150	-164.938958484	161.239563540	 0.000000000	         0.004285955	         0.002979252	         0.007265207
 20641	     -360000	 0.094987851	26.151951376	-158.573095958	160.674483847	 0.000000000	         0.003125778	         0.002161020	         0.005286798
 20642	     -359000	 0.095369622	25.844145517	-152.287201787	160.209770334	 0.000000000	         0.002324097	         0.001606297	         0.003930394
 20643	     -358000	 0.095473227	25.533561207	-145.888910310	159.712623020	 0.000000000	         0.001688244	         0.001168124	         0.002856368
 20644	     -357000	 0.095574329	25.221545497	-139.631422876	159.179539365	 0.000000000	         0.001202293	         0.000834331	         0.002036624
 20645	     -356000	 0.095678737	24.909951733	-133.296845744	158.609030455	 0.000000000	         0.000834135	         0.000581489	         0.001415624
 20646	     -355000	 0.095681203	24.598901010	-126.900619621	157.996440849	 0.000000000	         0.000561311	         0.000393933	         0.000955244
 20647	     -354000	 0.095478796	24.290557143	-120.577278446	157.327872192	 0.000000000	         0.000363700	         0.000257612	         0.000621312
 20648	     -353000	 0.095458718	23.985774359	-114.221628093	156.603975407	 0.000000000	         0.000224503	         0.000160937	         0.000385440
 20649	     -352000	 0.095398327	23.684513463	-107.865729250	155.801819545	 0.000000000	         0.000128782	         0.000093725	         0.000222507
 20650	     -351000	 0.095240376	23.389076636	-101.504116105	154.904440362	 0.000000000	         0.000065749	         0.000048330	         0.000114079
 20651	     -350000	 0.095096122	23.099399909	-95.173340010	153.848263902	 0.000000000	         0.000026771	         0.000019380	         0.000046151
 20652	     -349000	 0.094999252	22.816321285	-88.960469101	152.462173129	 0.000000000	         0.000006449	         0.000004514	         0.000010963
 20653	     -348000	 0.094841717	22.541726797	-82.657752735	149.236619907	 0.000000000	         0.000000048	         0.000000001	         0.000000048
 20654	     -347000	 0.094512503	22.274971487	-76.439575247	149.232592715	 0.000000000	         0.000000048	         0.000000001	         0.000000048
 20655	     -346000	 0.094194371	22.018276072	-70.308865275	149.229214212	 0.000000000	         0.000000048	         0.000000001	         0.000000048
 20656	     -345000	 0.093922140	21.772953009	-64.118712122	149.226432703	 0.000000000	         0.000000047	         0.000000001	         0.000000048
 20657	     -344000	 0.093300355	21.538672378	-57.930101235	149.224595815	 0.000000000	         0.000000047	         0.000000001	         0.000000048
 20658	     -343000	 0.092740138	21.318387692	-51.778747605	149.223496168	 0.000000000	         0.000000047	         0.000000001	         0.000000048
 20659	     -342000	 0.092169739	21.112794739	-45.610535095	149.223187607	 0.000000000	         0.000000047	         0.000000001	         0.000000048
 20660	     -341000	 0.091377557	20.922768657	-39.328442599	149.223844155	 0.000000000	         0.000000047	         0.000000001	         0.000000048
 20661	     -340000	 0.090607702	20.750964575	-33.105355782	149.225298768	 0.000000000	         0.000000047	         0.000000001	         0.000000048
 20662	     -339000	 0.089785060	20.597291952	-26.824862298	149.227596853	 0.000000000	         0.000000048	         0.000000001	         0.000000048
 20663	     -338000	 0.089049690	20.463408482	-20.398322624	149.230669631	 0.000000000	         0.000000048	         0.000000001	         0.000000048
 20664	     -337000	 0.088048229	20.351022249	-14.044232772	149.234610460	 0.000000000	         0.000000048	         0.000000001	         0.000000048
 20665	     -336000	 0.087204422	20.259465468	-7.571065312	149.239185494	 0.000000000	         0.000000048	         0.000000001	         0.000000048
 20666	     -335000	 0.086352283	20.189926936	-1.136674931	149.244328372	 0.000000000	         0.000000048	         0.000000001	         0.000000049
 20667	     -334000	 0.085383380	20.142635458	 5.477337224	149.250163308	 0.000000000	         0.000000048	         0.000000001	         0.000000049
 20668	     -333000	 0.084411295	20.117211449	12.081443414	149.256380516	 0.000000000	         0.000000048	         0.000000001	         0.000000049
 20669	     -332000	 0.083401064	20.113433214	18.708944067	149.262899298	 0.000000000	         0.000000048	         0.000000001	         0.000000049
 20670	     -331000	 0.082572941	20.130037738	25.472619980	149.269661429	 0.000000000	         0.000000048	         0.000000001	         0.000000049
 20671	     -330000	 0.081443003	20.167200157	32.335478137	149.276606286	 0.000000000	         0.000000048	         0.000000001	         0.000000049
 20672	     -329000	 0.080500513	20.223389509	39.240100701	149.283469060	 0.000000000	         0.000000048	         0.000000001	         0.000000049
 20673	     -328000	 0.079634605	20.296732395	46.215668489	149.290194533	 0.000000000	         0.000000048	         0.000000001	         0.000000049
 20674	     -327000	 0.078577853	20.387222098	53.398058906	149.296758640	 0.000000000	         0.000000048	         0.000000001	         0.000000049
 20675	     -326000	 0.077702044	20.492955878	60.513165202	149.302836493	 0.000000000	         0.000000048	         0.000000001	         0.000000049
 20676	     -325000	 0.076874934	20.612533407	67.807439301	149.308538912	 0.000000000	         0.000000049	         0.000000001	         0.000000049
 20677	     -324000	 0.076026922	20.745428963	75.252809962	149.313707723	 0.000000000	         0.000000049	         0.000000001	         0.000000049
 20678	     -323000	 0.075078032	20.889668314	82.739643953	149.318130600	 0.000000000	         0.000000049	         0.000000001	         0.000000049
 20679	     -322000	 0.074308601	21.044950268	90.312211677	149.321902779	 0.000000000	         0.000000049	         0.000000001	         0.000000050
 20680	     -321000	 0.073626079	21.210308968	98.027457036	149.324970728	 0.000000000	         0.000000049	         0.000000001	         0.000000050
 20681	     -320000	 0.072921001	21.384036563	105.993114824	149.327257908	 0.000000000	         0.000000049	         0.000000001	         0.000000050
 20682	     -319000	 0.072286571	21.566437244	113.968884955	149.328708258	 0.000000000	         0.000000049	         0.000000001	         0.000000050
 20683	     -318000	 0.071782063	21.755805647	122.015917729	149.329390813	 0.000000000	         0.000000049	         0.000000001	         0.000000050
 20684	     -317000	 0.071469228	21.951345971	130.242333881	149.329356378	 0.000000000	         0.000000049	         0.000000001	         0.000000050
 20685	     -316000	 0.071218657	22.152891551	138.541792199	149.328523052	 0.000000000	         0.000000049	         0.000000001	         0.000000050
 20686	     -315000	 0.071131593	22.358069468	146.863863896	149.326981411	 0.000000000	         0.000000049	         0.000000001	         0.000000050
 20687	     -314000	 0.071302845	22.566777481	155.194778428	149.324815932	 0.000000000	         0.000000049	         0.000000001	         0.000000050
 20688	     -313000	 0.071340423	22.778135986	163.633579606	149.321809049	 0.000000000	         0.000000049	         0.000000001	         0.000000049
 20689	     -312000	 0.071574712	22.989331129	171.928930362	151.642354405	 0.000000000	         0.000005219	         0.000003662	         0.000008881
 20690	     -311000	 0.072007583	23.200444603	-179.819118955	152.807631457	 0.000000000	         0.000026437	         0.000019260	         0.000045697
 20691	     -310000	 0.072435633	23.410285427	-171.337237843	153.730218941	 0.000000000	         0.000066417	         0.000049076	         0.000115493
 20692	     -309000	 0.072815138	23.616440169	-163.052700210	154.519650525	 0.000000000	         0.000121872	         0.000090164	         0.000212035
 20693	     -308000	 0.073357752	23.818722798	-154.748857363	155.265638995	 0.000000000	         0.000190730	         0.000139343	         0.000330073
 20694	     -307000	 0.074042058	24.015747619	-146.486384403	155.966959795	 0.000000000	         0.000268162	         0.000193649	         0.000461811
 20695	     -306000	 0.074696154	24.206766854	-138.105292044	156.642407621	 0.000000000	         0.000350570	         0.000250635	         0.000601204
 20696	     -305000	 0.075557625	24.391201100	-129.823929953	157.300849790	 0.000000000	         0.000436346	         0.000309306	         0.000745652
 20697	     -304000	 0.076377067	24.567896569	-121.626986070	157.929609646	 0.000000000	         0.000520786	         0.000366504	         0.000887290
 20698	     -303000	 0.077451680	24.737473639	-113.380141953	158.539641097	 0.000000000	         0.000603677	         0.000422218	         0.001025896
 20699	     -302000	 0.078480766	24.899335336	-105.303738132	159.120596164	 0.000000000	         0.000685830	         0.000477211	         0.001163041
 20700	     -301000	 0.079630201	25.052921120	-97.282718187	159.671332846	 0.000000000	         0.000767592	         0.000531880	         0.001299472
 20701	     -300000	 0.080903243	25.199214132	-89.348119639	160.184453772	 0.000000000	         0.000850194	         0.000587080	         0.001437274
 20702	     -299000	 0.081999178	25.337839010	-81.409543892	160.658529019	 0.000000000	         0.000938785	         0.000646660	         0.001585445
 20703	     -298000	 0.083175234	25.468650731	-73.690182950	161.085042985	 0.000000000	         0.001034739	         0.000711528	         0.001746267
 20704	     -297000	 0.084359125	25.592347749	-66.029577308	161.460590929	 0.000000000	         0.001140647	         0.000783530	         0.001924177
 20705	     -296000	 0.085667785	25.708550321	-58.264456530	161.787266966	 0.000000000	         0.001259866	         0.000864982	         0.002124848
 20706	     -295000	 0.086664229	25.817485501	-50.699569976	162.053092189	 0.000000000	         0.001398046	         0.000959994	         0.002358040
 20707	     -294000	 0.087846039	25.919110591	-43.181819527	162.270702450	 0.000000000	         0.001556155	         0.001069278	         0.002625433
 20708	     -293000	 0.089044832	26.013157496	-35.710862504	162.434679837	 0.000000000	         0.001737034	         0.001194866	         0.002931901
 20709	     -292000	 0.090119097	26.100038179	-28.243035392	162.544697480	 0.000000000	         0.001945039	         0.001339862	         0.003284901
 20710	     -291000	 0.091281225	26.179124500	-20.941232881	162.611326560	 0.000000000	         0.002179012	         0.001503610	         0.003682622
 20711	     -290000	 0.092364043	26.250520815	-13.661842040	162.634444807	 0.000000000	         0.002443780	         0.001689659	         0.004133439
 20712	     -289000	 0.093427792	26.314615124	-6.410964304	162.618926585	 0.000000000	         0.002740129	         0.001898782	         0.004638911
 20713	     -288000	 0.094440530	26.370908672	 0.704580500	162.575245205	 0.000000000	         0.003068026	         0.002131226	         0.005199252
 20714	     -287000	 0.095354683	26.419936858	 7.739381168	162.510578557	 0.000000000	         0.003431200	         0.002389579	         0.005820780
 20715	     -286000	 0.096341535	26.462101023	14.778502088	162.423529229	 0.000000000	         0.003828332	         0.002673057	         0.006501389
 20716	     -285000	 0.097090557	26.497298816	21.797651190	162.317006258	 0.000000000	         0.004252035	         0.002976694	         0.007228728
 20717	     -284000	 0.097818075	26.526481003	28.676732487	162.200793859	 0.000000000	         0.004695572	         0.003296231	         0.007991803
 20718	     -283000	 0.098556954	26.549898790	35.504944491	162.074211722	 0.000000000	         0.005155498	         0.003629135	         0.008784633
 20719	     -282000	 0.099219108	26.567924135	42.440036648	161.936199726	 0.000000000	         0.005628995	         0.003973468	         0.009602463
 20720	     -281000	 0.099755963	26.581636015	49.212976555	161.796612880	 0.000000000	         0.006090398	         0.004310399	         0.010400797
 20721	     -280000	 0.100294624	26.591081442	55.921878912	161.662060014	 0.000000000	         0.006552446	         0.004649970	         0.011202416
 20722	     -279000	 0.100914162	26.596933314	62.698414615	161.625017178	 0.000000000	         0.007251832	         0.005176463	         0.012428295
 20723	     -278000	 0.101266408	26.599884661	69.343949588	161.383957192	 0.000000000	         0.007378553	         0.005259768	         0.012638321
 20724	     -277000	 0.101672351	26.599985363	75.957946959	161.361025914	 0.000000000	         0.008028982	         0.005754424	         0.013783406
 20725	     -276000	 0.102092817	26.597920752	82.496887004	161.239689332	 0.000000000	         0.008345655	         0.005990875	         0.014336530
 20726	     -275000	 0.102279340	26.593967959	89.067544626	161.124844269	 0.000000000	         0.008584791	         0.006169485	         0.014754276
 20727	     -274000	 0.102499611	26.588266270	95.512695399	161.026038360	 0.000000000	         0.008767943	         0.006306500	         0.015074443
 20728	     -273000	 0.102528135	26.581350400	101.965558904	160.922094360	 0.000000000	         0.008848689	         0.006365576	         0.015214265
 20729	     -272000	 0.102638078	26.573195321	108.422531329	160.739278080	 0.000000000	         0.008519494	         0.006105075	         0.014624569
 20730	     -271000	 0.102473106	26.564087181	114.838346049	160.774391658	 0.000000000	         0.008735349	         0.006276468	         0.015011817
 20731	     -270000	 0.102354550	26.554255164	121.253168846	160.727034817	 0.000000000	         0.008574568	         0.006154419	         0.014728988
 20732	     -269000	 0.102296248	26.543607091	127.609299467	160.672482910	 0.000000000	         0.008305699	         0.005950406	         0.014256105
 20733	     -268000	 0.102037441	26.532518769	134.094495346	160.651634868	 0.000000000	         0.008024611	         0.005739744	         0.013764355
 20734	     -267000	 0.101773466	26.520840546	140.399582108	160.629844847	 0.000000000	         0.007671371	         0.005474355	         0.013145726
 20735	     -266000	 0.101483838	26.508664689	146.712390923	160.626877706	 0.000000000	         0.007302835	         0.005198793	         0.012501628
 20736	     -265000	 0.101260566	26.496190185	153.120811776	160.637291053	 0.000000000	         0.006907938	         0.004904019	         0.011811956
 20737	     -264000	 0.100774896	26.483131370	159.399299417	160.658474061	 0.000000000	         0.006478365	         0.004584587	         0.011062952
 20738	     -263000	 0.100357253	26.469649072	165.672694153	160.704654529	 0.000000000	         0.006065982	         0.004280295	         0.010346277
 20739	     -262000	 0.099913047	26.455669016	171.973360935	160.756708300	 0.000000000	         0.005630759	         0.003960083	         0.009590843
 20740	     -261000	 0.099306396	26.440969158	178.286988099	160.829032024	 0.000000000	         0.005203182	         0.003647293	         0.008850476
 20741	     -260000	 0.098684159	26.425632013	-175.482433393	160.940109805	 0.000000000	         0.004828822	         0.003376043	         0.008204865
 20742	     -259000	 0.098000006	26.409433762	-169.185655810	161.039427728	 0.000000000	         0.004424436	         0.003082630	         0.007507066
 20743	     -258000	 0.097239175	26.392335359	-162.822195829	161.158971856	 0.000000000	         0.004049972	         0.002812947	         0.006862920
 20744	     -257000	 0.096463176	26.374245346	-156.512997135	161.156419797	 0.000000000	         0.003573275	         0.002465819	         0.006039094
 20745	     -256000	 0.095611291	26.354847716	-150.189586488	161.289697411	 0.000000000	         0.003269665	         0.002250473	         0.005520138
 20746	     -255000	 0.094905072	26.334264963	-143.802229612	161.430098731	 0.000000000	         0.002993978	         0.002055938	         0.005049916
 20747	     -254000	 0.093973777	26.312121915	-137.376640101	161.570465252	 0.000000000	         0.002743094	         0.001879762	         0.004622856
 20748	     -253000	 0.093064129	26.288292216	-131.032088052	161.705406667	 0.000000000	         0.002522706	         0.001725759	         0.004248465
 20749	     -252000	 0.092270861	26.262756341	-124.693317508	161.833768244	 0.000000000	         0.002327780	         0.001590010	         0.003917789
 20750	     -251000	 0.091319608	26.234987488	-118.200660637	161.955679386	 0.000000000	         0.002155347	         0.001470592	         0.003625939
 20751	     -250000	 0.090287261	26.205101319	-111.797498010	162.058804827	 0.000000000	         0.002008203	         0.001369142	         0.003377345
 20752	     -249000	 0.089277888	26.172698150	-105.413547627	162.145694908	 0.000000000	         0.001883445	         0.001283565	         0.003167010
 20753	     -248000	 0.088256798	26.137283786	-98.874069580	162.215762180	 0.000000000	         0.001776389	         0.001210581	         0.002986970
 20754	     -247000	 0.087061563	26.099049544	-92.388261084	162.251768504	 0.000000000	         0.001687139	         0.001150066	         0.002837205
 20755	     -246000	 0.085937024	26.057439325	-85.807785548	162.263212606	 0.000000000	         0.001611828	         0.001099383	         0.002711212
 20756	     -245000	 0.084837261	26.012087405	-79.205416717	162.249220711	 0.000000000	         0.001551332	         0.001059209	         0.002610541
 20757	     -244000	 0.083570284	25.963060743	-72.432099440	162.195887138	 0.000000000	         0.001500924	         0.001026050	         0.002526974
 20758	     -243000	 0.082473098	25.909767900	-65.770256756	162.114318801	 0.000000000	         0.001459525	         0.000999323	         0.002458848
 20759	     -242000	 0.081257461	25.852258478	-59.000409889	161.995763082	 0.000000000	         0.001425098	         0.000977475	         0.002402573
 20760	     -241000	 0.080212915	25.790305687	-52.102418923	161.851125490	 0.000000000	         0.001396232	         0.000959657	         0.002355889
 20761	     -240000	 0.078985752	25.723396119	-45.225849260	161.668653843	 0.000000000	         0.001370470	         0.000944092	         0.002314562
 20762	     -239000	 0.077809760	25.652017403	-38.305855899	161.457947961	 0.000000000	         0.001345619	         0.000929181	         0.002274799
 20763	     -238000	 0.076746489	25.575793674	-31.354512297	161.218999939	 0.000000000	         0.001318170	         0.000912454	         0.002230624
 20764	     -237000	 0.075574847	25.494512236	-24.181605469	160.953370046	 0.000000000	         0.001291012	         0.000896056	         0.002187068
 20765	     -236000	 0.074357476	25.408542225	-17.128978698	160.663196108	 0.000000000	         0.001257087	         0.000874820	         0.002131907
 20766	     -235000	 0.073234805	25.317848233	-9.946566947	160.354449177	 0.000000000	         0.001218542	         0.000850353	         0.002068895
 20767	     -234000	 0.072168182	25.222592556	-2.545388764	160.026873706	 0.000000000	         0.001174976	         0.000822350	         0.001997326
 20768	     -233000	 0.070952499	25.122773472	 4.818408780	159.692789122	 0.000000000	         0.001126974	         0.000791146	         0.001918120
 20769	     -232000	 0.069936016	25.018740658	12.301997103	159.348492884	 0.000000000	         0.001072284	         0.000754963	         0.001827247
 20770	     -231000	 0.068973301	24.911019289	19.959323455	158.990579262	 0.000000000	         0.001009756	         0.000712910	         0.001722667
 20771	     -230000	 0.067997009	24.799561091	27.664641583	158.631194204	 0.000000000	         0.000942705	         0.000667621	         0.001610326
 20772	     -229000	 0.067151105	24.684901400	35.390531236	158.261431643	 0.000000000	         0.000867099	         0.000615969	         0.001483069
 20773	     -228000	 0.066404574	24.567622096	43.214197110	157.888364761	 0.000000000	         0.000787819	         0.000561548	         0.001349368
 20774	     -227000	 0.065653857	24.447706677	51.243808581	157.503553387	 0.000000000	         0.000703130	         0.000502938	         0.001206068
 20775	     -226000	 0.064951709	24.325966181	59.206724666	157.114546782	 0.000000000	         0.000615632	         0.000442004	         0.001057636
 20776	     -225000	 0.064316222	24.202554775	67.232864090	156.720578153	 0.000000000	         0.000528204	         0.000380784	         0.000908988
 20777	     -224000	 0.063895073	24.077650183	75.403386954	156.318349325	 0.000000000	         0.000443195	         0.000320969	         0.000764164
 20778	     -223000	 0.063424803	23.952189204	83.740377449	155.908745213	 0.000000000	         0.000361971	         0.000263448	         0.000625419
 20779	     -222000	 0.063026532	23.826103948	92.021320640	155.491850135	 0.000000000	         0.000286774	         0.000209878	         0.000496652
 20780	     -221000	 0.062815824	23.699807263	100.345313738	155.062699340	 0.000000000	         0.000219125	         0.000161326	         0.000380451
 20781	     -220000	 0.062794824	23.573951502	108.899672022	154.616010826	 0.000000000	         0.000160048	         0.000118559	         0.000278606
 20782	     -219000	 0.062824091	23.448913282	117.361595541	154.158432960	 0.000000000	         0.000111059	         0.000082672	         0.000193731
 20783	     -218000	 0.063038376	23.325311978	125.783973139	153.651222882	 0.000000000	         0.000069554	         0.000051473	         0.000121028
 20784	     -217000	 0.063548061	23.203501937	134.368671742	153.093353513	 0.000000000	         0.000038927	         0.000028561	         0.000067488
 20785	     -216000	 0.063922666	23.084272426	142.734028062	152.480247587	 0.000000000	         0.000018021	         0.000013040	         0.000031061
 20786	     -215000	 0.064617805	22.968865474	151.067261629	151.733265565	 0.000000000	         0.000005863	         0.000004127	         0.000009990
 20787	     -214000	 0.065394522	22.857430117	159.352650667	150.294063092	 0.000000000	         0.000000272	         0.000000145	         0.000000417
 20788	     -213000	 0.066235999	22.750743597	167.744935617	149.317631496	 0.000000000	         0.000000049	         0.000000001	         0.000000049
 20789	     -212000	 0.067152140	22.650412830	175.864595794	149.314446213	 0.000000000	         0.000000049	         0.000000001	         0.000000049
 20790	     -211000	 0.068139249	22.556723721	-175.963985569	149.310654545	 0.000000000	         0.000000049	         0.000000001	         0.000000049
 20791	     -210000	 0.069443814	22.470342526	-167.940219215	149.306479895	 0.000000000	         0.000000048	         0.000000001	         0.000000049
 20792	     -209000	 0.070617138	22.392214097	-159.815565426	149.301663321	 0.000000000	         0.000000048	         0.000000001	         0.000000049
 20793	     -208000	 0.071985370	22.322864136	-151.888184450	149.296533765	 0.000000000	         0.000000048	         0.000000001	         0.000000049
 20794	     -207000	 0.073458104	22.262747901	-144.068381244	149.291053760	 0.000000000	         0.000000048	         0.000000001	         0.000000049
 20795	     -206000	 0.075120855	22.212035729	-136.251320771	149.285189345	 0.000000000	         0.000000048	         0.000000001	         0.000000049
 20796	     -205000	 0.076737766	22.170958981	-128.643093562	149.279141887	 0.000000000	         0.000000048	         0.000000001	         0.000000049
 20797	     -204000	 0.078482218	22.139849133	-121.130412554	149.272894676	 0.000000000	         0.000000048	         0.000000001	         0.000000049
 20798	     -203000	 0.080369184	22.118414728	-113.637767311	149.266442670	 0.000000000	         0.000000048	         0.000000001	         0.000000049
 20799	     -202000	 0.082010663	22.106386947	-106.283407002	149.260057603	 0.000000000	         0.000000048	         0.000000001	         0.000000049
 20800	     -201000	 0.083790603	22.103921105	-99.101902423	149.253789454	 0.000000000	         0.000000048	         0.000000001	         0.000000049
 20801	     -200000	 0.085686492	22.110667977	-91.904583528	149.247579577	 0.000000000	         0.000000048	         0.000000001	         0.000000049
 20802	     -199000	 0.087488192	22.126492948	-84.673451494	149.241622407	 0.000000000	         0.000000048	         0.000000001	         0.000000048
 20803	     -198000	 0.089182195	22.151081704	-77.634370465	149.236222258	 0.000000000	         0.000000048	         0.000000001	         0.000000048
 20804	     -197000	 0.090949752	22.184204048	-70.570546328	149.231266147	 0.000000000	         0.000000048	         0.000000001	         0.000000048
 20805	     -196000	 0.092820032	22.225967428	-63.566359241	149.226900067	 0.000000000	         0.000000047	         0.000000001	         0.000000048
 20806	     -195000	 0.094580526	22.275899917	-56.587194676	149.223356403	 0.000000000	         0.000000047	         0.000000001	         0.000000048
 20807	     -194000	 0.096340585	22.333865163	-49.627717610	149.220684603	 0.000000000	         0.000000047	         0.000000001	         0.000000048
 20808	     -193000	 0.098168556	22.399929310	-42.788044175	149.218941896	 0.000000000	         0.000000047	         0.000000001	         0.000000048
 20809	     -192000	 0.099890725	22.473573327	-35.889283201	150.465262126	 0.000000000	         0.000000259	         0.000000135	         0.000000394
 20810	     -191000	 0.101491539	22.554538609	-29.109355819	151.820236870	 0.000000000	         0.000002182	         0.000001461	         0.000003644
 20811	     -190000	 0.103119931	22.642429967	-22.371864886	152.582623371	 0.000000000	         0.000005563	         0.000003868	         0.000009432
 20812	     -189000	 0.104762165	22.736553467	-15.542574495	153.171764564	 0.000000000	         0.000010693	         0.000007578	         0.000018271
 20813	     -188000	 0.106077970	22.836500981	-8.811766849	153.652097963	 0.000000000	         0.000017920	         0.000012859	         0.000030779
 20814	     -187000	 0.107434669	22.941096784	-2.088670295	154.074332383	 0.000000000	         0.000028157	         0.000020401	         0.000048558
 20815	     -186000	 0.108857953	23.049636574	 4.601140026	154.452492481	 0.000000000	         0.000042489	         0.000031030	         0.000073519
 20816	     -185000	 0.109993015	23.161433163	11.391258749	154.786999682	 0.000000000	         0.000062172	         0.000045712	         0.000107883
 20817	     -184000	 0.111154276	23.274779793	18.075142745	155.083355523	 0.000000000	         0.000088377	         0.000065355	         0.000153732
 20818	     -183000	 0.112174784	23.389163525	24.767088913	155.351310223	 0.000000000	         0.000122845	         0.000090666	         0.000213511
 20819	     -182000	 0.113292991	23.503736141	31.529888471	155.591678210	 0.000000000	         0.000167584	         0.000123273	         0.000290857
 20820	     -181000	 0.114098547	23.616823358	38.170783280	155.796028688	 0.000000000	         0.000222470	         0.000163094	         0.000385564
 20821	     -180000	 0.114960379	23.728200033	44.897340348	155.982465322	 0.000000000	         0.000292096	         0.000213496	         0.000505592
 20822	     -179000	 0.115733283	23.837101090	51.534811325	156.146821415	 0.000000000	         0.000376104	         0.000274142	         0.000650246
 20823	     -178000	 0.116291999	23.942451895	58.238455679	156.289155247	 0.000000000	         0.000475638	         0.000345904	         0.000821542
 20824	     -177000	 0.116752823	24.044306989	64.896406369	156.414595983	 0.000000000	         0.000590175	         0.000428266	         0.001018441
 20825	     -176000	 0.117113408	24.141974794	71.546340623	156.527626137	 0.000000000	         0.000720367	         0.000521789	         0.001242155
 20826	     -175000	 0.117516548	24.235187222	78.283318756	156.627919954	 0.000000000	         0.000865817	         0.000626228	         0.001492045
 20827	     -174000	 0.117497825	24.323989648	84.966749026	156.717767205	 0.000000000	         0.001017654	         0.000734979	         0.001752633
 20828	     -173000	 0.117583481	24.407713955	91.663245088	156.802134436	 0.000000000	         0.001178231	         0.000849924	         0.002028154
 20829	     -172000	 0.117702337	24.486545874	98.375414067	156.885715974	 0.000000000	         0.001345470	         0.000969587	         0.002315057
 20830	     -171000	 0.117448939	24.560379233	105.125170560	156.953360316	 0.000000000	         0.001493602	         0.001074760	         0.002568362
 20831	     -170000	 0.117294616	24.628515563	111.794927404	157.024918957	 0.000000000	         0.001637083	         0.001176665	         0.002813748
 20832	     -169000	 0.117051204	24.691056478	118.488750371	157.079324522	 0.000000000	         0.001745232	         0.001252065	         0.002997297
 20833	     -168000	 0.116694469	24.747679595	125.220845564	157.157111272	 0.000000000	         0.001838601	         0.001317634	         0.003156234
 20834	     -167000	 0.116144314	24.797742697	131.875763886	157.213627187	 0.000000000	         0.001878032	         0.001343630	         0.003221662
 20835	     -166000	 0.115557965	24.841092169	138.527230329	157.281468120	 0.000000000	         0.001903362	         0.001360173	         0.003263535
 20836	     -165000	 0.114953875	24.877326778	145.204853870	157.332244441	 0.000000000	         0.001886052	         0.001345178	         0.003231230
 20837	     -164000	 0.114064495	24.906202684	151.887366120	157.409362331	 0.000000000	         0.001862283	         0.001326538	         0.003188820
 20838	     -163000	 0.113160022	24.927437228	158.570460530	157.473560642	 0.000000000	         0.001800447	         0.001280029	         0.003080476
 20839	     -162000	 0.112205950	24.940877468	165.212851485	157.538165105	 0.000000000	         0.001715205	         0.001216958	         0.002932163
 20840	     -161000	 0.111128841	24.946788821	171.954724633	157.607431073	 0.000000000	         0.001610703	         0.001140468	         0.002751171
 20841	     -160000	 0.109982723	24.945086042	178.648317645	157.677005833	 0.000000000	         0.001492675	         0.001054603	         0.002547278
 20842	     -159000	 0.108782538	24.936099830	-174.666274991	157.913563114	 0.000000000	         0.001471275	         0.001042605	         0.002513879
 20843	     -158000	 0.107715009	24.920407394	-167.903733872	158.011042014	 0.000000000	         0.001345449	         0.000951899	         0.002297348
 20844	     -157000	 0.106270321	24.898263706	-161.189282645	157.921588189	 0.000000000	         0.001125977	         0.000790832	         0.001916809
 20845	     -156000	 0.104922200	24.870426901	-154.498520536	158.006352915	 0.000000000	         0.001012607	         0.000710216	         0.001722822
 20846	     -155000	 0.103729263	24.837516634	-147.811480016	158.083345109	 0.000000000	         0.000906082	         0.000634730	         0.001540813
 20847	     -154000	 0.102168826	24.799988809	-141.049107898	158.159695656	 0.000000000	         0.000808158	         0.000565604	         0.001373762
 20848	     -153000	 0.100670931	24.758772243	-134.374251356	158.227267392	 0.000000000	         0.000721586	         0.000504733	         0.001226319
 20849	     -152000	 0.099050831	24.714288333	-127.673192223	158.288807784	 0.000000000	         0.000645633	         0.000451516	         0.001097149
 20850	     -151000	 0.097504847	24.666984470	-120.928289197	158.336223187	 0.000000000	         0.000578162	         0.000404292	         0.000982454
 20851	     -150000	 0.095713095	24.617669046	-114.195970824	158.372199424	 0.000000000	         0.000521062	         0.000364526	         0.000885588
 20852	     -149000	 0.094027396	24.566731161	-107.364459453	158.396478209	 0.000000000	         0.000472088	         0.000330500	         0.000802588
 20853	     -148000	 0.092350801	24.514663224	-100.601377313	158.402093972	 0.000000000	         0.000430819	         0.000301922	         0.000732740
 20854	     -147000	 0.090555507	24.461999598	-93.694027070	158.392420025	 0.000000000	         0.000396231	         0.000278065	         0.000674296
 20855	     -146000	 0.088844758	24.409155167	-86.883208268	158.359470449	 0.000000000	         0.000367018	         0.000257999	         0.000625016
 20856	     -145000	 0.087160066	24.356869149	-80.031519317	158.306852317	 0.000000000	         0.000342551	         0.000241262	         0.000583813
 20857	     -144000	 0.085545294	24.305603580	-73.072406637	158.234607518	 0.000000000	         0.000321817	         0.000227103	         0.000548920
 20858	     -143000	 0.083716342	24.255741123	-66.165386214	158.137154085	 0.000000000	         0.000304626	         0.000215455	         0.000520081
 20859	     -142000	 0.082025317	24.208367750	-59.274259003	158.028324261	 0.000000000	         0.000290815	         0.000206178	         0.000496993
 20860	     -141000	 0.080457978	24.164038814	-52.329228644	157.906610707	 0.000000000	         0.000279419	         0.000198567	         0.000477986
 20861	     -140000	 0.078696245	24.123134581	-45.216632012	157.772277329	 0.000000000	         0.000270843	         0.000192950	         0.000463794
 20862	     -139000	 0.076969496	24.086768000	-38.227399418	157.628921801	 0.000000000	         0.000264134	         0.000188608	         0.000452742
 20863	     -138000	 0.075366589	24.055487843	-31.109108763	157.483618744	 0.000000000	         0.000259502	         0.000185709	         0.000445210
 20864	     -137000	 0.073717305	24.029761119	-23.857142940	157.344888445	 0.000000000	         0.000258134	         0.000185144	         0.000443278
 20865	     -136000	 0.072128219	24.010365752	-16.608955727	157.206249171	 0.000000000	         0.000258291	         0.000185597	         0.000443889
 20866	     -135000	 0.070672647	23.997586095	-9.235159750	157.082824939	 0.000000000	         0.000261867	         0.000188490	         0.000450357
 20867	     -134000	 0.069340845	23.991884948	-1.796399738	156.969786749	 0.000000000	         0.000268032	         0.000193197	         0.000461229
 20868	     -133000	 0.067942036	23.993669277	 5.696256998	156.886587934	 0.000000000	         0.000279816	         0.000201919	         0.000481735
 20869	     -132000	 0.066729839	24.002764835	13.248810693	156.817973289	 0.000000000	         0.000295049	         0.000213047	         0.000508096
 20870	     -131000	 0.065701973	24.019470099	20.755278576	156.773985801	 0.000000000	         0.000315388	         0.000227777	         0.000543165
 20871	     -130000	 0.064694497	24.043863929	28.501796313	156.748926598	 0.000000000	         0.000341829	         0.000246859	         0.000588688
 20872	     -129000	 0.063656618	24.075520037	36.212048969	156.740074525	 0.000000000	         0.000373199	         0.000269404	         0.000642603
 20873	     -128000	 0.062814077	24.114552563	43.884172650	156.755619074	 0.000000000	         0.000412301	         0.000297485	         0.000709787
 20874	     -127000	 0.062190036	24.160709998	51.712946281	156.784365130	 0.000000000	         0.000458478	         0.000330517	         0.000788994
 20875	     -126000	 0.061444730	24.213616146	59.658084167	156.830162419	 0.000000000	         0.000512715	         0.000369245	         0.000881960
 20876	     -125000	 0.060905279	24.273210693	67.612219870	156.893661151	 0.000000000	         0.000576323	         0.000414525	         0.000990848
 20877	     -124000	 0.060605483	24.338983445	75.549732808	156.974491813	 0.000000000	         0.000650578	         0.000467323	         0.001117901
 20878	     -123000	 0.060322707	24.410708946	83.744650553	157.067634362	 0.000000000	         0.000734838	         0.000527073	         0.001261911
 20879	     -122000	 0.060240268	24.488082597	91.730660396	157.176591732	 0.000000000	         0.000829159	         0.000593679	         0.001422838
 20880	     -121000	 0.060310521	24.570445804	99.843564380	157.298706600	 0.000000000	         0.000934383	         0.000667861	         0.001602244
 20881	     -120000	 0.060615009	24.657823538	107.946702881	157.436155598	 0.000000000	         0.001051107	         0.000749904	         0.001801011
 20882	     -119000	 0.060830186	24.749662816	115.985485139	157.571937095	 0.000000000	         0.001165304	         0.000829287	         0.001994591
 20883	     -118000	 0.061370590	24.845188461	123.980184656	157.728372769	 0.000000000	         0.001282175	         0.000910355	         0.002192530
 20884	     -117000	 0.061949112	24.944408877	131.926993379	157.900095715	 0.000000000	         0.001403693	         0.000994770	         0.002398463
 20885	     -116000	 0.062656318	25.046557463	139.966530563	158.091617075	 0.000000000	         0.001535003	         0.001085873	         0.002620876
 20886	     -115000	 0.063344079	25.150981367	147.884613261	158.296148326	 0.000000000	         0.001667901	         0.001177349	         0.002845250
 20887	     -114000	 0.064212536	25.257231565	155.720333812	158.719938239	 0.000000000	         0.001965580	         0.001393396	         0.003358976
 20888	     -113000	 0.065340905	25.364427051	163.588820020	158.749334078	 0.000000000	         0.001932699	         0.001357684	         0.003290383
 20889	     -112000	 0.066309641	25.472179031	171.506143729	159.018906509	 0.000000000	         0.002060910	         0.001444476	         0.003505386
 20890	     -111000	 0.067510544	25.579401868	179.246661016	159.282887994	 0.000000000	         0.002161369	         0.001510226	         0.003671595
 20891	     -110000	 0.068855438	25.685201799	-173.098507467	159.739421565	 0.000000000	         0.002389634	         0.001673135	         0.004062769
 20892	     -109000	 0.070223869	25.789257696	-165.346901108	160.048641751	 0.000000000	         0.002454862	         0.001713018	         0.004167880
 20893	     -108000	 0.071659924	25.890183728	-157.827053040	160.233325793	 0.000000000	         0.002395144	         0.001659265	         0.004054410
 20894	     -107000	 0.073248299	25.987304624	-150.343952519	160.570435427	 0.000000000	         0.002431019	         0.001679347	         0.004110367
 20895	     -106000	 0.074795665	26.080124831	-142.820398658	160.919520199	 0.000000000	         0.002445826	         0.001684921	         0.004130747
 20896	     -105000	 0.076303131	26.167376330	-135.424019480	161.265038521	 0.000000000	         0.002440714	         0.001676761	         0.004117475
 20897	     -104000	 0.077944678	26.249028824	-128.132242408	161.614237558	 0.000000000	         0.002425266	         0.001661926	         0.004087191
 20898	     -103000	 0.079653700	26.324399442	-120.835778795	161.959103046	 0.000000000	         0.002397288	         0.001638952	         0.004036239
 20899	     -102000	 0.081245405	26.392558106	-113.497879067	162.293320496	 0.000000000	         0.002360764	         0.001610532	         0.003971296
 20900	     -101000	 0.082905851	26.454010751	-106.255601474	162.616110433	 0.000000000	         0.002326328	         0.001584340	         0.003910668
 20901	     -100000	 0.084561943	26.508018289	-99.117519156	162.916732891	 0.000000000	         0.002295244	         0.001561067	         0.003856311
 20902	      -99000	 0.086389596	26.554242789	-91.905895043	163.193012039	 0.000000000	         0.002265821	         0.001539472	         0.003805294
 20903	      -98000	 0.088081511	26.593184343	-84.744085779	163.437796218	 0.000000000	         0.002249988	         0.001527910	         0.003777898
 20904	      -97000	 0.089787700	26.624056541	-77.666208382	163.645308247	 0.000000000	         0.002246349	         0.001525334	         0.003771682
 20905	      -96000	 0.091655547	26.647071155	-70.662619373	163.811629823	 0.000000000	         0.002253488	         0.001530552	         0.003784040
 20906	      -95000	 0.093266542	26.662376195	-63.605205688	163.933307404	 0.000000000	         0.002282764	         0.001551882	         0.003834646
 20907	      -94000	 0.094958482	26.669034293	-56.669115065	164.004395274	 0.000000000	         0.002324260	         0.001581941	         0.003906201
 20908	      -93000	 0.096624922	26.667533742	-49.773580760	164.026068411	 0.000000000	         0.002382133	         0.001623923	         0.004006056
 20909	      -92000	 0.098202523	26.657526368	-42.752537474	163.995151906	 0.000000000	         0.002458656	         0.001679364	         0.004138020
 20910	      -91000	 0.099606850	26.638211146	-35.896984838	163.912253794	 0.000000000	         0.002548463	         0.001744732	         0.004293195
 20911	      -90000	 0.101130171	26.610110151	-28.990237958	163.783216799	 0.000000000	         0.002649465	         0.001818354	         0.004467819
 20912	      -89000	 0.102664151	26.572540978	-22.129805873	163.611797678	 0.000000000	         0.002760664	         0.001900006	         0.004660670
 20913	      -88000	 0.103938334	26.525369198	-15.179889311	163.388836959	 0.000000000	         0.002877611	         0.001986120	         0.004863731
 20914	      -87000	 0.105376627	26.469033618	-8.342102924	163.134627632	 0.000000000	         0.002993007	         0.002071906	         0.005064913
 20915	      -86000	 0.106668109	26.402954897	-1.543456330	162.847602137	 0.000000000	         0.003103195	         0.002154722	         0.005257918
 20916	      -85000	 0.108043764	26.327790236	 5.312996708	162.540073455	 0.000000000	         0.003215265	         0.002239737	         0.005455002
 20917	      -84000	 0.109259935	26.244140463	12.093140301	162.205546242	 0.000000000	         0.003304684	         0.002308561	         0.005613245
 20918	      -83000	 0.110408185	26.151993854	18.843266466	161.856542928	 0.000000000	         0.003376436	         0.002365403	         0.005741839
 20919	      -82000	 0.111609594	26.052463392	25.574114090	161.493563262	 0.000000000	         0.003423402	         0.002405006	         0.005828408
 20920	      -81000	 0.112501109	25.946124628	32.336435922	161.115740620	 0.000000000	         0.003435968	         0.002420139	         0.005856107
 20921	      -80000	 0.113406621	25.833775016	38.994944817	160.734116756	 0.000000000	         0.003411172	         0.002408729	         0.005819902
 20922	      -79000	 0.114262012	25.716485790	45.670824323	160.345374248	 0.000000000	         0.003348409	         0.002369890	         0.005718299
 20923	      -78000	 0.114959478	25.594536256	52.460908210	159.951168612	 0.000000000	         0.003248710	         0.002304366	         0.005553076
 20924	      -77000	 0.115469999	25.469291967	59.116301864	159.559355715	 0.000000000	         0.003103452	         0.002205645	         0.005309097
 20925	      -76000	 0.116021941	25.341276495	65.800550868	159.171409905	 0.000000000	         0.002930484	         0.002086774	         0.005017258
 20926	      -75000	 0.116517503	25.210584791	72.546362805	158.781023737	 0.000000000	         0.002723435	         0.001942765	         0.004666199
 20927	      -74000	 0.116826335	25.078499544	79.258085071	158.397325581	 0.000000000	         0.002490120	         0.001779242	         0.004269362
 20928	      -73000	 0.117170715	24.945015705	85.940955413	158.016667376	 0.000000000	         0.002240128	         0.001603298	         0.003843426
 20929	      -72000	 0.117469291	24.810374084	92.589489467	157.643142884	 0.000000000	         0.001982265	         0.001421382	         0.003403647
 20930	      -71000	 0.117543929	24.675477741	99.298374357	157.277011937	 0.000000000	         0.001724192	         0.001238905	         0.002963097
 20931	      -70000	 0.117618325	24.539939096	105.940208940	156.900191440	 0.000000000	         0.001457664	         0.001049290	         0.002506954
 20932	      -69000	 0.117522174	24.404474741	112.524463742	156.535168828	 0.000000000	         0.001211497	         0.000874278	         0.002085774
 20933	      -68000	 0.117449283	24.269751992	119.183202480	156.154450061	 0.000000000	         0.000976070	         0.000706118	         0.001682188
 20934	      -67000	 0.117090878	24.135524532	125.821109120	155.784156118	 0.000000000	         0.000765524	         0.000555626	         0.001321150
 20935	      -66000	 0.116695719	24.003138132	132.442937564	155.408245892	 0.000000000	         0.000579598	         0.000422290	         0.001001888
 20936	      -65000	 0.116303997	23.872912780	139.025205085	155.028880984	 0.000000000	         0.000426790	         0.000312478	         0.000739268
 20937	      -64000	 0.115626432	23.745097477	145.748638834	154.650293168	 0.000000000	         0.000305773	         0.000225285	         0.000531058
 20938	      -63000	 0.114999642	23.621418574	152.379810965	154.266163532	 0.000000000	         0.000212572	         0.000157645	         0.000370217
 20939	      -62000	 0.114283649	23.501979354	159.003532598	153.871287320	 0.000000000	         0.000141881	         0.000105887	         0.000247768
 20940	      -61000	 0.113531030	23.387438017	165.788285431	153.479736332	 0.000000000	         0.000090609	         0.000067403	         0.000158012
 20941	      -60000	 0.112551005	23.279325931	172.409679135	153.078688318	 0.000000000	         0.000054771	         0.000040454	         0.000095225
 20942	      -59000	 0.111658036	23.177564718	179.133667452	152.670457552	 0.000000000	         0.000031312	         0.000022919	         0.000054232
 20943	      -58000	 0.110711029	23.082932068	-174.188779185	152.273416437	 0.000000000	         0.000017114	         0.000012383	         0.000029497
 20944	      -57000	 0.109515538	22.996088468	-167.406446767	151.868905530	 0.000000000	         0.000008683	         0.000006184	         0.000014866
 20945	      -56000	 0.108363066	22.916897378	-160.680149192	151.419523641	 0.000000000	         0.000003785	         0.000002627	         0.000006413
 20946	      -55000	 0.107077802	22.845945713	-153.941067852	150.877109509	 0.000000000	         0.000001214	         0.000000795	         0.000002009
 20947	      -54000	 0.105870971	22.782890099	-147.097706932	150.064615791	 0.000000000	         0.000000162	         0.000000072	         0.000000234
 20948	      -53000	 0.104417335	22.727644816	-140.251906593	149.290223897	 0.000000000	         0.000000048	         0.000000001	         0.000000049
 20949	      -52000	 0.102994626	22.680345848	-133.366406660	149.282930479	 0.000000000	         0.000000048	         0.000000001	         0.000000049
 20950	      -51000	 0.101645415	22.640205081	-126.436007151	149.275661810	 0.000000000	         0.000000048	         0.000000001	         0.000000049
 20951	      -50000	 0.100119271	22.607092644	-119.417466034	149.268481277	 0.000000000	         0.000000048	         0.000000001	         0.000000049
 20952	      -49000	 0.098719944	22.580843085	-112.431172354	149.261591362	 0.000000000	         0.000000048	         0.000000001	         0.000000049
 20953	      -48000	 0.097327639	22.560765671	-105.413531728	149.255038745	 0.000000000	         0.000000048	         0.000000001	         0.000000049
 20954	      -47000	 0.095885444	22.546799816	-98.199139184	149.248806693	 0.000000000	         0.000000048	         0.000000001	         0.000000049
 20955	      -46000	 0.094317785	22.538581050	-91.111280432	149.243354089	 0.000000000	         0.000000048	         0.000000001	         0.000000048
 20956	      -45000	 0.092896913	22.535811908	-83.975039159	149.238520945	 0.000000000	         0.000000048	         0.000000001	         0.000000048
 20957	      -44000	 0.091485680	22.538513383	-76.684787866	149.234397080	 0.000000000	         0.000000048	         0.000000001	         0.000000048
 20958	      -43000	 0.089945496	22.546225509	-69.303197442	149.231229982	 0.000000000	         0.000000048	         0.000000001	         0.000000048
 20959	      -42000	 0.088494078	22.558982839	-61.940482079	150.314495028	 0.000000000	         0.000000209	         0.000000102	         0.000000311
 20960	      -41000	 0.087043053	22.576574128	-54.500406596	150.946234450	 0.000000000	         0.000000652	         0.000000399	         0.000001052
 20961	      -40000	 0.085663300	22.598675755	-46.906747096	151.384117209	 0.000000000	         0.000001296	         0.000000843	         0.000002139
 20962	      -39000	 0.084406687	22.625248227	-39.268699058	151.732251506	 0.000000000	         0.000002132	         0.000001428	         0.000003560
 20963	      -38000	 0.083106709	22.655842399	-31.584854197	152.008098407	 0.000000000	         0.000003113	         0.000002121	         0.000005234
 20964	      -37000	 0.082107173	22.690279986	-23.777141751	152.262998585	 0.000000000	         0.000004388	         0.000003031	         0.000007419
 20965	      -36000	 0.080938392	22.728272811	-15.967998783	152.463920749	 0.000000000	         0.000005810	         0.000004053	         0.000009863
 20966	      -35000	 0.079978433	22.769121224	-8.166579713	152.660022155	 0.000000000	         0.000007665	         0.000005393	         0.000013058
 20967	      -34000	 0.079200362	22.812710091	-0.359243973	152.829504689	 0.000000000	         0.000009862	         0.000006991	         0.000016853
 20968	      -33000	 0.078368383	22.858599208	 7.685635996	153.007505855	 0.000000000	         0.000012893	         0.000009205	         0.000022098
 20969	      -32000	 0.077598151	22.906127907	15.553126894	153.162129836	 0.000000000	         0.000016493	         0.000011847	         0.000028339
 20970	      -31000	 0.076900570	22.955183869	23.468249189	153.301547525	 0.000000000	         0.000020834	         0.000015047	         0.000035881
 20971	      -30000	 0.076487262	23.005260569	31.480229612	153.432617147	 0.000000000	         0.000026181	         0.000019004	         0.000045185
 20972	      -29000	 0.075902330	23.056244648	39.540608954	153.562246481	 0.000000000	         0.000032911	         0.000024001	         0.000056912
 20973	      -28000	 0.075595269	23.107801237	47.564478212	153.672607512	 0.000000000	         0.000040546	         0.000029690	         0.000070236
 20974	      -27000	 0.075350067	23.159537581	55.577029363	153.779429477	 0.000000000	         0.000049712	         0.000036539	         0.000086251
 20975	      -26000	 0.075234139	23.211862617	63.692760471	153.875240457	 0.000000000	         0.000060205	         0.000044400	         0.000104605
 20976	      -25000	 0.075264147	23.264376467	71.597343917	153.968651550	 0.000000000	         0.000072247	         0.000053443	         0.000125690
 20977	      -24000	 0.075386364	23.316994403	79.578954515	154.058659299	 0.000000000	         0.000086002	         0.000063794	         0.000149796
 20978	      -23000	 0.075664484	23.370248521	87.487799704	154.149187208	 0.000000000	         0.000101645	         0.000075587	         0.000177233
 20979	      -22000	 0.075904585	23.423836015	95.314103165	154.238975121	 0.000000000	         0.000118823	         0.000088452	         0.000207274
 20980	      -21000	 0.076213925	23.477962509	103.033806906	154.332901048	 0.000000000	         0.000137623	         0.000102340	         0.000239963
 20981	      -20000	 0.076713896	23.533051402	110.676182490	154.431227339	 0.000000000	         0.000158202	         0.000117456	         0.000275659
 20982	      -19000	 0.077230707	23.588964380	118.452530545	154.535209134	 0.000000000	         0.000180539	         0.000133790	         0.000314329
 20983	      -18000	 0.077641295	23.646252412	125.960268988	154.620005582	 0.000000000	         0.000200082	         0.000147882	         0.000347964
 20984	      -17000	 0.078233217	23.705011777	133.450221427	154.726961945	 0.000000000	         0.000219526	         0.000161812	         0.000381338
 20985	      -16000	 0.079013665	23.765397277	140.960763547	154.851969725	 0.000000000	         0.000241587	         0.000177656	         0.000419243
 20986	      -15000	 0.079622813	23.828158458	148.371787505	154.992207218	 0.000000000	         0.000266861	         0.000195811	         0.000462671
 20987	      -14000	 0.080432836	23.893156113	155.665201935	155.153072097	 0.000000000	         0.000296506	         0.000216954	         0.000513459
 20988	      -13000	 0.081318133	23.960901417	162.914934246	155.328388256	 0.000000000	         0.000327713	         0.000238981	         0.000566694
 20989	      -12000	 0.082179039	24.031878352	170.097559659	155.530445835	 0.000000000	         0.000361566	         0.000262655	         0.000624222
 20990	      -11000	 0.083078657	24.105961246	177.133908653	155.757216999	 0.000000000	         0.000397884	         0.000287857	         0.000685741
 20991	      -10000	 0.084058613	24.183811399	-175.917851386	156.016291673	 0.000000000	         0.000437515	         0.000315120	         0.000752635
 20992	       -9000	 0.085022293	24.265555248	-168.930289777	156.309638733	 0.000000000	         0.000479881	         0.000344120	         0.000824001
 20993	       -8000	 0.085893190	24.351202710	-162.124041770	156.625611279	 0.000000000	         0.000523287	         0.000373533	         0.000896820
 20994	       -7000	 0.086789046	24.441161342	-155.329110324	156.962792700	 0.000000000	         0.000566277	         0.000402355	         0.000968632
 20995	       -6000	 0.087816822	24.535253348	-148.611102880	157.324240439	 0.000000000	         0.000610568	         0.000431830	         0.001042398
 20996	       -5000	 0.088700617	24.633724519	-141.855828162	157.709916957	 0.000000000	         0.000654191	         0.000460564	         0.001114755
 20997	       -4000	 0.089582487	24.736458153	-135.201045521	158.117150292	 0.000000000	         0.000698913	         0.000489912	         0.001188825
 20998	       -3000	 0.090497330	24.843270758	-128.653555394	158.541975983	 0.000000000	         0.000744709	         0.000519746	         0.001264455
 20999	       -2000	 0.091571466	24.954662590	-121.964549131	158.991608520	 0.000000000	         0.000791748	         0.000550363	         0.001342111
 21000	       -1000	 0.092413567	25.070009643	-115.454439254	159.443117865	 0.000000000	         0.000840406	         0.000581906	         0.001422311
 21001	           0	 0.093315101	25.189417000	-108.955069177	159.908439226	 0.000000000	         0.000893833	         0.000616718	         0.001510551
