LaskarTimestep	time_years	ecc	obl	Lsp	Tsurf	SF12	ForcedConv	FreeConv	TotalSubl
 20501	     -500000	 0.053483653	32.703763755	-67.814367410	170.852675434	 0.495471909	         0.010755282	         0.006598146	         0.017353428
 20502	     -499000	 0.053288153	32.488620538	-59.367825181	170.644414043	 0.484587942	         0.010399821	         0.006397499	         0.016797320
 20503	     -498000	 0.053377802	32.256228450	-50.865905620	170.344035721	 0.472908448	         0.009995134	         0.006159350	         0.016154484
 20504	     -497000	 0.053647700	32.006039467	-42.223229794	169.995932002	 0.460432689	         0.009630419	         0.005947429	         0.015577848
 20505	     -496000	 0.054047376	31.738155109	-33.689989970	169.605543823	 0.447197684	         0.009287232	         0.005749791	         0.015037023
 20506	     -495000	 0.054631131	31.454701396	-25.262552658	169.183332201	 0.433343958	         0.008960034	         0.005562242	         0.014522276
 20507	     -494000	 0.055503104	31.154095440	-16.914646569	168.721654581	 0.418834389	         0.008609926	         0.005359289	         0.013969215
 20508	     -493000	 0.056285559	30.837897089	-8.625617696	168.222172535	 0.403789716	         0.008249679	         0.005149941	         0.013399621
 20509	     -492000	 0.057273798	30.508467070	-0.601773950	167.705807612	 0.388368542	         0.007861996	         0.004921315	         0.012783310
 20510	     -491000	 0.058303969	30.164542217	 7.329286080	167.162609551	 0.372561100	         0.007437524	         0.004667430	         0.012104954
 20511	     -490000	 0.059484652	29.808813997	15.267923373	166.592574744	 0.356542373	         0.006976784	         0.004387217	         0.011364001
 20512	     -489000	 0.060538153	29.442650094	23.011034297	166.005900654	 0.340422544	         0.006470509	         0.004075310	         0.010545819
 20513	     -488000	 0.061639490	29.066784175	30.704745155	165.403363804	 0.324281300	         0.005928533	         0.003739359	         0.009667893
 20514	     -487000	 0.062886122	28.683922654	38.224408913	164.793719525	 0.308277694	         0.005360216	         0.003384597	         0.008744813
 20515	     -486000	 0.064104852	28.293832465	45.936134667	164.154663933	 0.292440767	         0.004761855	         0.003007935	         0.007769790
 20516	     -485000	 0.065275801	27.899601971	53.414207966	163.517674983	 0.276939744	         0.004154916	         0.002624781	         0.006779697
 20517	     -484000	 0.066523121	27.502929228	60.816856720	162.869854692	 0.262083313	         0.003548201	         0.002239183	         0.005787385
 20518	     -483000	 0.067980414	27.102757701	68.326978207	162.210169880	 0.247903262	         0.002963854	         0.001866553	         0.004830408
 20519	     -482000	 0.069279862	26.702831910	75.589135537	161.545348766	 0.234498435	         0.002397345	         0.001502965	         0.003900309
 20520	     -481000	 0.070766927	26.303573924	82.822812481	160.873552071	 0.221839036	         0.001880693	         0.001169307	         0.003050000
 20521	     -480000	 0.072297673	25.904594183	90.011690551	160.197452945	 0.209871171	         0.001418206	         0.000869010	         0.002287216
 20522	     -479000	 0.073750478	25.509120825	97.135510913	159.413588673	 0.198645747	         0.000955102	         0.000564057	         0.001519159
 20523	     -478000	 0.075291017	25.116205047	104.020098171	158.715658686	 0.188087594	         0.000628372	         0.000349128	         0.000977501
 20524	     -477000	 0.076898065	24.726864180	110.918557181	157.985764730	 0.178179131	         0.000365033	         0.000175950	         0.000540983
 20525	     -476000	 0.078610144	24.343391493	117.769152026	157.248345787	 0.168930383	         0.000175841	         0.000057840	         0.000233681
 20526	     -475000	 0.080147059	23.964548390	124.453057477	156.489800572	 0.160264809	         0.000055687	         0.000009043	         0.000064731
 20527	     -474000	 0.081736300	23.592875073	131.020021714	155.703132862	 0.152195353	         0.000007242	         0.000001364	         0.000008606
 20528	     -473000	 0.083438263	23.229283684	137.468539094	154.876795177	 0.144694657	         0.000001344	         0.000000000	         0.000001344
 20529	     -472000	 0.085024744	22.873732872	143.925470048	153.988214691	 0.137717454	         0.000000000	         0.000000000	         0.000000000
 20530	     -471000	 0.086547933	22.529770671	150.195334867	153.001426619	 0.131288002	         0.000000000	         0.000000000	         0.000000000
 20531	     -470000	 0.088039061	22.197244271	156.361051185	151.779006132	 0.125357823	         0.000000000	         0.000000000	         0.000000000
 20532	     -469000	 0.089502226	21.877494687	162.561079922	149.331346378	 0.119908271	         0.000000000	         0.000000000	         0.000000000
 20533	     -468000	 0.090729618	21.573982193	168.627502878	149.328751849	 0.114954777	         0.000000000	         0.000000000	         0.000000000
 20534	     -467000	 0.091988770	21.286308398	174.612217699	149.325741123	 0.110448809	         0.000000000	         0.000000000	         0.000000000
 20535	     -466000	 0.093237521	21.016546235	-179.294602679	149.322198882	 0.106384002	         0.000000000	         0.000000000	         0.000000000
 20536	     -465000	 0.094204887	20.766837482	-173.280920725	149.318177726	 0.102754812	         0.000000000	         0.000000000	         0.000000000
 20537	     -464000	 0.095244397	20.537205881	-167.314968424	149.313830611	 0.099526794	         0.000000000	         0.000000000	         0.000000000
 20538	     -463000	 0.096312874	20.329546983	-161.363161225	149.309139337	 0.096695059	         0.000000000	         0.000000000	         0.000000000
 20539	     -462000	 0.097278858	20.143863604	-155.323193101	149.304005772	 0.094231293	         0.000000000	         0.000000000	         0.000000000
 20540	     -461000	 0.098254956	19.980760304	-149.424423734	149.298693600	 0.092118976	         0.000000000	         0.000000000	         0.000000000
 20541	     -460000	 0.099104240	19.841112321	-143.506292126	149.293072752	 0.090348091	         0.000000000	         0.000000000	         0.000000000
 20542	     -459000	 0.100206210	19.723633083	-137.617000694	149.287257376	 0.088884723	         0.000000000	         0.000000000	         0.000000000
 20543	     -458000	 0.101029490	19.628903216	-131.780502330	149.281272010	 0.087722009	         0.000000000	         0.000000000	         0.000000000
 20544	     -457000	 0.101843791	19.556180600	-125.984251201	149.275173829	 0.086839743	         0.000000000	         0.000000000	         0.000000000
 20545	     -456000	 0.102644204	19.504268931	-120.267447087	149.269052088	 0.086215387	         0.000000000	         0.000000000	         0.000000000
 20546	     -455000	 0.103279566	19.473503825	-114.469057938	149.262815731	 0.085847487	         0.000000000	         0.000000000	         0.000000000
 20547	     -454000	 0.103740329	19.461807786	-108.793202614	149.256766618	 0.085708034	         0.000000000	         0.000000000	         0.000000000
 20548	     -453000	 0.104099069	19.468549107	-103.074824993	149.250800193	 0.085788383	         0.000000000	         0.000000000	         0.000000000
 20549	     -452000	 0.104512313	19.493756510	-97.261009048	149.244896924	 0.086089498	         0.000000000	         0.000000000	         0.000000000
 20550	     -451000	 0.104488019	19.535143430	-91.476132378	149.239448277	 0.086586180	         0.000000000	         0.000000000	         0.000000000
 20551	     -450000	 0.104580432	19.592772102	-85.643813392	149.234273458	 0.087282554	         0.000000000	         0.000000000	         0.000000000
 20552	     -449000	 0.104597861	19.666035783	-79.761277806	149.229534962	 0.088175950	         0.000000000	         0.000000000	         0.000000000
 20553	     -448000	 0.104415746	19.753339038	-73.738059487	149.225341413	 0.089252498	         0.000000000	         0.000000000	         0.000000000
 20554	     -447000	 0.104213875	19.855322745	-67.798218820	149.221849554	 0.090526728	         0.000000000	         0.000000000	         0.000000000
 20555	     -446000	 0.103913767	19.970649858	-61.716485987	149.219050420	 0.091989608	         0.000000000	         0.000000000	         0.000000000
 20556	     -445000	 0.103632189	20.098451812	-55.561593016	149.217004760	 0.093638356	         0.000000000	         0.000000000	         0.000000000
 20557	     -444000	 0.103142396	20.239479855	-49.397543857	149.215954415	 0.095492048	         0.000000000	         0.000000000	         0.000000000
 20558	     -443000	 0.102594499	20.392340109	-43.180589867	149.215838501	 0.097542732	         0.000000000	         0.000000000	         0.000000000
 20559	     -442000	 0.102094276	20.556316961	-36.906770136	149.216620932	 0.099791533	         0.000000000	         0.000000000	         0.000000000
 20560	     -441000	 0.101418020	20.731396369	-30.501263454	149.218501705	 0.102249855	         0.000000000	         0.000000000	         0.000000000
 20561	     -440000	 0.100612810	20.916451762	-24.131887082	149.221401757	 0.104914116	         0.000000000	         0.000000000	         0.000000000
 20562	     -439000	 0.099801682	21.110735354	-17.707785438	149.225222180	 0.107785969	         0.000000000	         0.000000000	         0.000000000
 20563	     -438000	 0.098991063	21.313165946	-11.120461420	149.229990025	 0.110861907	         0.000000000	         0.000000000	         0.000000000
 20564	     -437000	 0.097988888	21.522641323	-4.589955745	149.235596741	 0.114137336	         0.000000000	         0.000000000	         0.000000000
 20565	     -436000	 0.097012296	21.738411815	 1.999400543	151.584085363	 0.117612406	         0.000000000	         0.000000000	         0.000000000
 20566	     -435000	 0.096112405	21.959199964	 8.708213249	152.642677783	 0.121277835	         0.000000000	         0.000000000	         0.000000000
 20567	     -434000	 0.094871947	22.183936174	15.425421999	153.402852619	 0.125126147	         0.000000000	         0.000000000	         0.000000000
 20568	     -433000	 0.093717211	22.411455413	22.149081502	154.038342085	 0.129146521	         0.000000000	         0.000000000	         0.000000000
 20569	     -432000	 0.092570945	22.641216795	28.915953590	154.595892422	 0.133337621	         0.000000000	         0.000000000	         0.000000000
 20570	     -431000	 0.091280719	22.872575902	35.851098345	155.098109887	 0.137695308	         0.000000000	         0.000000000	         0.000000000
 20571	     -430000	 0.089880819	23.104270285	42.752121722	155.556162653	 0.142202038	         0.000000000	         0.000000000	         0.000000000
 20572	     -429000	 0.088407314	23.336253064	49.761852521	155.978103871	 0.146862159	         0.000000000	         0.000000000	         0.000000000
 20573	     -428000	 0.087055942	23.568404303	56.828114803	156.369830080	 0.151678550	         0.000000000	         0.000000000	         0.000000000
 20574	     -427000	 0.085523656	23.800273683	64.050375750	156.745759907	 0.156646758	         0.000000000	         0.000000000	         0.000000000
 20575	     -426000	 0.084054184	24.031816180	71.371111583	157.101152835	 0.161770349	         0.000013392	         0.000000000	         0.000013392
 20576	     -425000	 0.082640209	24.262875673	78.704281287	157.444493593	 0.167050305	         0.000092147	         0.000006376	         0.000098523
 20577	     -424000	 0.081254428	24.494013611	86.283114421	157.780249183	 0.172504474	         0.000211796	         0.000073708	         0.000285504
 20578	     -423000	 0.079854296	24.725194202	93.752355689	158.117318667	 0.178137776	         0.000358524	         0.000170636	         0.000529160
 20579	     -422000	 0.078553475	24.955606627	101.346534410	158.444220382	 0.183935398	         0.000527399	         0.000283023	         0.000810421
 20580	     -421000	 0.077463566	25.186350218	109.066419876	158.764709386	 0.189930451	         0.000714633	         0.000406834	         0.001121467
 20581	     -420000	 0.076046534	25.417401988	116.810454550	159.100079751	 0.196129304	         0.000906161	         0.000531204	         0.001437365
 20582	     -419000	 0.074886169	25.647626042	124.541382536	159.535899391	 0.202507171	         0.001166675	         0.000700485	         0.001867160
 20583	     -418000	 0.073764864	25.877504820	132.342403219	159.880277068	 0.209082403	         0.001370019	         0.000830065	         0.002200084
 20584	     -417000	 0.072698089	26.106626624	140.330293506	160.237150674	 0.215848415	         0.001570294	         0.000955684	         0.002525978
 20585	     -416000	 0.071481174	26.334548067	148.230073918	160.599419902	 0.222796202	         0.001749685	         0.001065498	         0.002815183
 20586	     -415000	 0.070438602	26.560782398	156.299431877	160.974955935	 0.229913703	         0.001911832	         0.001161524	         0.003073356
 20587	     -414000	 0.069487040	26.784373933	164.407454804	161.371395582	 0.237171440	         0.002053635	         0.001243598	         0.003297233
 20588	     -413000	 0.068557237	27.005600883	172.584617908	161.776028354	 0.244577884	         0.002160042	         0.001301234	         0.003461276
 20589	     -412000	 0.067751789	27.223425841	-179.159080626	162.196331785	 0.252096379	         0.002237988	         0.001340242	         0.003578230
 20590	     -411000	 0.067111113	27.436839030	-170.906675002	162.601026347	 0.259686700	         0.002265406	         0.001346399	         0.003611805
 20591	     -410000	 0.066482115	27.646315655	-162.509726288	162.980960434	 0.267359222	         0.002232319	         0.001313725	         0.003546045
 20592	     -409000	 0.065904691	27.850601462	-154.211828413	163.437573994	 0.275059897	         0.002234703	         0.001306364	         0.003541067
 20593	     -408000	 0.065517944	28.049456228	-145.949687243	163.888519491	 0.282766136	         0.002219476	         0.001289012	         0.003508488
 20594	     -407000	 0.065332851	28.243228828	-137.516629651	164.340229512	 0.290421685	         0.002188170	         0.001262657	         0.003450828
 20595	     -406000	 0.064967014	28.430711575	-129.093539419	164.782002442	 0.297943105	         0.002156930	         0.001238145	         0.003395075
 20596	     -405000	 0.064812231	28.612340545	-120.827735272	165.205334447	 0.305335758	         0.002135905	         0.001220522	         0.003356428
 20597	     -404000	 0.064847606	28.788137444	-112.516470610	165.615879584	 0.312589263	         0.002127364	         0.001212498	         0.003339862
 20598	     -403000	 0.064893803	28.957411961	-104.127488074	166.002728542	 0.319663801	         0.002140596	         0.001218755	         0.003359351
 20599	     -402000	 0.065050817	29.120604728	-95.852665171	166.359641038	 0.326566776	         0.002186681	         0.001246321	         0.003433002
 20600	     -401000	 0.065326528	29.277183504	-87.650634931	166.683342127	 0.333265153	         0.002270007	         0.001298127	         0.003568134
 20601	     -400000	 0.065761510	29.427107531	-79.415707434	166.977735702	 0.339746826	         0.002399238	         0.001380497	         0.003779735
 20602	     -399000	 0.066134286	29.570418567	-71.395309280	167.228192209	 0.346003844	         0.002587458	         0.001501723	         0.004089181
 20603	     -398000	 0.066677957	29.705890532	-63.372382483	167.442262525	 0.351972807	         0.002834214	         0.001659556	         0.004493769
 20604	     -397000	 0.067321109	29.833968797	-55.517321169	167.615615722	 0.357663698	         0.003143293	         0.001856217	         0.004999510
 20605	     -396000	 0.067841888	29.954156486	-47.623770726	167.813127817	 0.363045503	         0.003595330	         0.002147734	         0.005743064
 20606	     -395000	 0.068446604	30.064871194	-39.894880808	167.903236706	 0.368038153	         0.004057751	         0.002444840	         0.006502591
 20607	     -394000	 0.069056594	30.166494758	-32.261133437	167.956301900	 0.372649969	         0.004597065	         0.002792538	         0.007389603
 20608	     -393000	 0.069830315	30.258005064	-24.580012009	167.972404242	 0.376826353	         0.005219763	         0.003195935	         0.008415698
 20609	     -392000	 0.070364828	30.338292323	-16.949489692	167.947591574	 0.380508648	         0.005930071	         0.003658378	         0.009588449
 20610	     -391000	 0.071069537	30.407452813	-9.422837673	167.893827406	 0.383694033	         0.006709963	         0.004171047	         0.010881011
 20611	     -390000	 0.071974637	30.464168161	-1.989558957	167.822908007	 0.386315382	         0.007571533	         0.004744858	         0.012316391
 20612	     -389000	 0.072694139	30.508252531	 5.597531740	167.716649645	 0.388358586	         0.008514099	         0.005376237	         0.013890335
 20613	     -388000	 0.073599872	30.539450689	12.910982524	167.598221431	 0.389807511	         0.009492828	         0.006039767	         0.015532594
 20614	     -387000	 0.074543853	30.556607757	20.224631820	167.455818293	 0.390605372	         0.010504810	         0.006731792	         0.017236602
 20615	     -386000	 0.075566540	30.560587332	27.486301600	167.297361617	 0.390790541	         0.011535110	         0.007444656	         0.018979766
 20616	     -385000	 0.076485975	30.550826221	34.596577097	167.125561661	 0.390336429	         0.012532686	         0.008143491	         0.020676177
 20617	     -384000	 0.077541059	30.526875215	41.661964832	166.937862175	 0.389223178	         0.013487695	         0.008819063	         0.022306758
 20618	     -383000	 0.078573765	30.489771046	48.661430888	166.740938931	 0.387501415	         0.014361399	         0.009445870	         0.023807269
 20619	     -382000	 0.079500041	30.438760556	55.635630547	166.532340904	 0.385140042	         0.015109577	         0.009987942	         0.025097519
 20620	     -381000	 0.080402545	30.374413693	62.482195433	166.322322050	 0.382170782	         0.015711687	         0.010431229	         0.026142916
 20621	     -380000	 0.081375338	30.297212191	69.296712439	166.102175576	 0.378622448	         0.016146334	         0.010755570	         0.026901904
 20622	     -379000	 0.082284373	30.206346938	76.185991488	165.876263733	 0.374466038	         0.016390794	         0.010943654	         0.027334449
 20623	     -378000	 0.083049984	30.103098249	82.990154027	165.649212493	 0.369769700	         0.016400794	         0.010960573	         0.027361367
 20624	     -377000	 0.083857725	29.987064110	89.737708666	165.409156614	 0.364525979	         0.016188888	         0.010816596	         0.027005485
 20625	     -376000	 0.084810534	29.857578588	96.491010331	165.113083157	 0.358717753	         0.015533282	         0.010338160	         0.025871442
 20626	     -375000	 0.085547898	29.716190947	103.293678277	164.875025342	 0.352428780	         0.014876398	         0.009875768	         0.024752166
 20627	     -374000	 0.086310245	29.561732534	109.980901135	164.710394379	 0.345622921	         0.014292891	         0.009479640	         0.023772531
 20628	     -373000	 0.087220885	29.394130740	116.615450043	164.464399139	 0.338315484	         0.013286289	         0.008769287	         0.022055576
 20629	     -372000	 0.087896304	29.214470266	123.340123235	164.225200737	 0.330573537	         0.012147262	         0.007970264	         0.020117526
 20630	     -371000	 0.088614506	29.021319542	129.933008314	163.982181946	 0.322357462	         0.010937715	         0.007132849	         0.018070565
 20631	     -370000	 0.089361930	28.815628023	136.537886158	163.731415949	 0.313732200	         0.009685057	         0.006273252	         0.015958308
 20632	     -369000	 0.090081311	28.597684364	143.171191562	163.475320753	 0.304735380	         0.008429392	         0.005418590	         0.013847981
 20633	     -368000	 0.090634649	28.366654751	149.716933363	163.220516994	 0.295360704	         0.007207585	         0.004596651	         0.011804236
 20634	     -367000	 0.091311248	28.124317198	156.301421281	162.946813242	 0.285709411	         0.006033371	         0.003813900	         0.009847271
 20635	     -366000	 0.092003515	27.870318059	162.767453622	162.670924234	 0.275814762	         0.004961530	         0.003108235	         0.008069765
 20636	     -365000	 0.092570801	27.604992693	169.371806482	162.387717376	 0.265827942	         0.003972740	         0.002462739	         0.006435479
 20637	     -364000	 0.093119552	27.330446081	175.827157039	162.083522270	 0.255874550	         0.003098093	         0.001895904	         0.004993997
 20638	     -363000	 0.093640067	27.046354091	-177.781266293	161.770917555	 0.245967275	         0.002347598	         0.001413970	         0.003761567
 20639	     -362000	 0.094269015	26.754330361	-171.315876311	161.354999904	 0.236183064	         0.001652535	         0.000968611	         0.002621146
 20640	     -361000	 0.094618814	26.456094150	-164.938958484	161.017667069	 0.226592300	         0.001138809	         0.000644203	         0.001783012
 20641	     -360000	 0.094987851	26.151951376	-158.573095958	160.668343749	 0.217212583	         0.000729246	         0.000388347	         0.001117593
 20642	     -359000	 0.095369622	25.844145517	-152.287201787	160.296379068	 0.208115144	         0.000411412	         0.000195010	         0.000606422
 20643	     -358000	 0.095473227	25.533561207	-145.888910310	159.901521084	 0.199321737	         0.000171620	         0.000062652	         0.000234272
 20644	     -357000	 0.095574329	25.221545497	-139.631422876	159.486616525	 0.190861895	         0.000014529	         0.000002235	         0.000016764
 20645	     -356000	 0.095678737	24.909951733	-133.296845744	159.048183073	 0.182771835	         0.000000844	         0.000000176	         0.000001020
 20646	     -355000	 0.095681203	24.598901010	-126.900619621	158.584665772	 0.175037900	         0.000000000	         0.000000000	         0.000000000
 20647	     -354000	 0.095478796	24.290557143	-120.577278446	158.090953531	 0.167694307	         0.000000000	         0.000000000	         0.000000000
 20648	     -353000	 0.095458718	23.985774359	-114.221628093	157.574151797	 0.160738354	         0.000000000	         0.000000000	         0.000000000
 20649	     -352000	 0.095398327	23.684513463	-107.865729250	157.022996687	 0.154146377	         0.000000000	         0.000000000	         0.000000000
 20650	     -351000	 0.095240376	23.389076636	-101.504116105	156.446290763	 0.147944460	         0.000000000	         0.000000000	         0.000000000
 20651	     -350000	 0.095096122	23.099399909	-95.173340010	155.830047233	 0.142105802	         0.000000000	         0.000000000	         0.000000000
 20652	     -349000	 0.094999252	22.816321285	-88.960469101	155.164158390	 0.136622813	         0.000000000	         0.000000000	         0.000000000
 20653	     -348000	 0.094841717	22.541726797	-82.657752735	154.441680300	 0.131506372	         0.000000000	         0.000000000	         0.000000000
 20654	     -347000	 0.094512503	22.274971487	-76.439575247	153.624132225	 0.126719542	         0.000000000	         0.000000000	         0.000000000
 20655	     -346000	 0.094194371	22.018276072	-70.308865275	152.664987116	 0.122277818	         0.000000000	         0.000000000	         0.000000000
 20656	     -345000	 0.093922140	21.772953009	-64.118712122	151.307175812	 0.118178447	         0.000000000	         0.000000000	         0.000000000
 20657	     -344000	 0.093300355	21.538672378	-57.930101235	149.224595815	 0.114391953	         0.000000000	         0.000000000	         0.000000000
 20658	     -343000	 0.092740138	21.318387692	-51.778747605	149.223496168	 0.110942402	         0.000000000	         0.000000000	         0.000000000
 20659	     -342000	 0.092169739	21.112794739	-45.610535095	149.223187607	 0.107816828	         0.000000000	         0.000000000	         0.000000000
 20660	     -341000	 0.091377557	20.922768657	-39.328442599	149.223844155	 0.105006276	         0.000000000	         0.000000000	         0.000000000
 20661	     -340000	 0.090607702	20.750964575	-33.105355782	149.225298768	 0.102528351	         0.000000000	         0.000000000	         0.000000000
 20662	     -339000	 0.089785060	20.597291952	-26.824862298	149.227596853	 0.100361519	         0.000000000	         0.000000000	         0.000000000
 20663	     -338000	 0.089049690	20.463408482	-20.398322624	149.230669631	 0.098511083	         0.000000000	         0.000000000	         0.000000000
 20664	     -337000	 0.088048229	20.351022249	-14.044232772	149.234610460	 0.096984131	         0.000000000	         0.000000000	         0.000000000
 20665	     -336000	 0.087204422	20.259465468	-7.571065312	149.239185494	 0.095757694	         0.000000000	         0.000000000	         0.000000000
 20666	     -335000	 0.086352283	20.189926936	-1.136674931	149.244328372	 0.094836573	         0.000000000	         0.000000000	         0.000000000
 20667	     -334000	 0.085383380	20.142635458	 5.477337224	149.250163308	 0.094215208	         0.000000000	         0.000000000	         0.000000000
 20668	     -333000	 0.084411295	20.117211449	12.081443414	149.256380516	 0.093882845	         0.000000000	         0.000000000	         0.000000000
 20669	     -332000	 0.083401064	20.113433214	18.708944067	149.262899298	 0.093833553	         0.000000000	         0.000000000	         0.000000000
 20670	     -331000	 0.082572941	20.130037738	25.472619980	149.269661429	 0.094050373	         0.000000000	         0.000000000	         0.000000000
 20671	     -330000	 0.081443003	20.167200157	32.335478137	149.276606286	 0.094537455	         0.000000000	         0.000000000	         0.000000000
 20672	     -329000	 0.080500513	20.223389509	39.240100701	149.283469060	 0.095278713	         0.000000000	         0.000000000	         0.000000000
 20673	     -328000	 0.079634605	20.296732395	46.215668489	149.290194533	 0.096255016	         0.000000000	         0.000000000	         0.000000000
 20674	     -327000	 0.078577853	20.387222098	53.398058906	149.296758640	 0.097473364	         0.000000000	         0.000000000	         0.000000000
 20675	     -326000	 0.077702044	20.492955878	60.513165202	149.302836493	 0.098916509	         0.000000000	         0.000000000	         0.000000000
 20676	     -325000	 0.076874934	20.612533407	67.807439301	149.308538912	 0.100574367	         0.000000000	         0.000000000	         0.000000000
 20677	     -324000	 0.076026922	20.745428963	75.252809962	149.313707723	 0.102449491	         0.000000000	         0.000000000	         0.000000000
 20678	     -323000	 0.075078032	20.889668314	82.739643953	149.318130600	 0.104524258	         0.000000000	         0.000000000	         0.000000000
 20679	     -322000	 0.074308601	21.044950268	90.312211677	149.321902779	 0.106804853	         0.000000000	         0.000000000	         0.000000000
 20680	     -321000	 0.073626079	21.210308968	98.027457036	149.324970728	 0.109288178	         0.000000000	         0.000000000	         0.000000000
 20681	     -320000	 0.072921001	21.384036563	105.993114824	149.327257908	 0.111959406	         0.000000000	         0.000000000	         0.000000000
 20682	     -319000	 0.072286571	21.566437244	113.968884955	149.328708258	 0.114834281	         0.000000000	         0.000000000	         0.000000000
 20683	     -318000	 0.071782063	21.755805647	122.015917729	149.329390813	 0.117897106	         0.000000000	         0.000000000	         0.000000000
 20684	     -317000	 0.071469228	21.951345971	130.242333881	150.836080236	 0.121145508	         0.000000000	         0.000000000	         0.000000000
 20685	     -316000	 0.071218657	22.152891551	138.541792199	151.774958572	 0.124587366	         0.000000000	         0.000000000	         0.000000000
 20686	     -315000	 0.071131593	22.358069468	146.863863896	152.496809073	 0.128191717	         0.000000000	         0.000000000	         0.000000000
 20687	     -314000	 0.071302845	22.566777481	155.194778428	153.123747413	 0.131965081	         0.000000000	         0.000000000	         0.000000000
 20688	     -313000	 0.071340423	22.778135986	163.633579606	153.723032784	 0.135899573	         0.000000000	         0.000000000	         0.000000000
 20689	     -312000	 0.071574712	22.989331129	171.928930362	154.281318648	 0.139948193	         0.000000000	         0.000000000	         0.000000000
 20690	     -311000	 0.072007583	23.200444603	-179.819118955	154.822825927	 0.144115791	         0.000000000	         0.000000000	         0.000000000
 20691	     -310000	 0.072435633	23.410285427	-171.337237843	155.362236620	 0.148381247	         0.000000000	         0.000000000	         0.000000000
 20692	     -309000	 0.072815138	23.616440169	-163.052700210	155.902619502	 0.152694694	         0.000000000	         0.000000000	         0.000000000
 20693	     -308000	 0.073357752	23.818722798	-154.748857363	156.438900710	 0.157048983	         0.000000000	         0.000000000	         0.000000000
 20694	     -307000	 0.074042058	24.015747619	-146.486384403	156.976374995	 0.161409433	         0.000000000	         0.000000000	         0.000000000
 20695	     -306000	 0.074696154	24.206766854	-138.105292044	157.502309625	 0.165752526	         0.000000000	         0.000000000	         0.000000000
 20696	     -305000	 0.075557625	24.391201100	-129.823929953	158.022813661	 0.170056755	         0.000000000	         0.000000000	         0.000000000
 20697	     -304000	 0.076377067	24.567896569	-121.626986070	158.533472969	 0.174285176	         0.000000000	         0.000000000	         0.000000000
 20698	     -303000	 0.077451680	24.737473639	-113.380141953	159.028753832	 0.178442089	         0.000000000	         0.000000000	         0.000000000
 20699	     -302000	 0.078480766	24.899335336	-105.303738132	159.503954525	 0.182502321	         0.000000000	         0.000000000	         0.000000000
 20700	     -301000	 0.079630201	25.052921120	-97.282718187	159.958796806	 0.186440344	         0.000000000	         0.000000000	         0.000000000
 20701	     -300000	 0.080903243	25.199214132	-89.348119639	160.381807022	 0.190270367	         0.000000000	         0.000000000	         0.000000000
 20702	     -299000	 0.081999178	25.337839010	-81.409543892	160.767810487	 0.193972210	         0.000000000	         0.000000000	         0.000000000
 20703	     -298000	 0.083175234	25.468650731	-73.690182950	161.121079105	 0.197531434	         0.000000000	         0.000000000	         0.000000000
 20704	     -297000	 0.084359125	25.592347749	-66.029577308	161.433013124	 0.200957133	         0.000000000	         0.000000000	         0.000000000
 20705	     -296000	 0.085667785	25.708550321	-58.264456530	161.702544574	 0.204229380	         0.000000000	         0.000000000	         0.000000000
 20706	     -295000	 0.086664229	25.817485501	-50.699569976	161.916008688	 0.207345351	         0.000000000	         0.000000000	         0.000000000
 20707	     -294000	 0.087846039	25.919110591	-43.181819527	162.091695240	 0.210295072	         0.000008692	         0.000000000	         0.000008692
 20708	     -293000	 0.089044832	26.013157496	-35.710862504	162.219225142	 0.213062206	         0.000047185	         0.000002251	         0.000049435
 20709	     -292000	 0.090119097	26.100038179	-28.243035392	162.304333056	 0.215650833	         0.000108931	         0.000023253	         0.000132185
 20710	     -291000	 0.091281225	26.179124500	-20.941232881	162.355207792	 0.218034560	         0.000191876	         0.000062922	         0.000254798
 20711	     -290000	 0.092364043	26.250520815	-13.661842040	162.368343997	 0.220209127	         0.000296720	         0.000125958	         0.000422678
 20712	     -289000	 0.093427792	26.314615124	-6.410964304	162.348683676	 0.222179759	         0.000423741	         0.000206628	         0.000630369
 20713	     -288000	 0.094440530	26.370908672	 0.704580500	162.312273507	 0.223925092	         0.000575476	         0.000305077	         0.000880553
 20714	     -287000	 0.095354683	26.419936858	 7.739381168	162.249671966	 0.225456335	         0.000747714	         0.000418294	         0.001166007
 20715	     -286000	 0.096341535	26.462101023	14.778502088	162.170228499	 0.226781573	         0.000945482	         0.000549180	         0.001494663
 20716	     -285000	 0.097090557	26.497298816	21.797651190	162.071893039	 0.227893819	         0.001161933	         0.000692784	         0.001854717
 20717	     -284000	 0.097818075	26.526481003	28.676732487	161.967064258	 0.228820108	         0.001394948	         0.000847937	         0.002242886
 20718	     -283000	 0.098556954	26.549898790	35.504944491	161.851973336	 0.229566147	         0.001641561	         0.001011612	         0.002653173
 20719	     -282000	 0.099219108	26.567924135	42.440036648	161.729227125	 0.230142052	         0.001905326	         0.001187029	         0.003092355
 20720	     -281000	 0.099755963	26.581636015	49.212976555	161.604549452	 0.230581109	         0.002162828	         0.001359540	         0.003522367
 20721	     -280000	 0.100294624	26.591081442	55.921878912	161.483080047	 0.230884041	         0.002415273	         0.001529900	         0.003945173
 20722	     -279000	 0.100914162	26.596933314	62.698414615	161.358153905	 0.231071921	         0.002660812	         0.001695447	         0.004356259
 20723	     -278000	 0.101266408	26.599884661	69.343949588	161.322950306	 0.231166735	         0.002986592	         0.001919755	         0.004906347
 20724	     -277000	 0.101672351	26.599985363	75.957946959	161.203134879	 0.231169971	         0.003180841	         0.002051524	         0.005232366
 20725	     -276000	 0.102092817	26.597920752	82.496887004	161.101786842	 0.231103639	         0.003362942	         0.002174141	         0.005537082
 20726	     -275000	 0.102279340	26.593967959	89.067544626	160.999686168	 0.230976697	         0.003493845	         0.002263017	         0.005756861
 20727	     -274000	 0.102499611	26.588266270	95.512695399	160.912404221	 0.230793712	         0.003594421	         0.002329574	         0.005923995
 20728	     -273000	 0.102528135	26.581350400	101.965558904	160.819202812	 0.230571955	         0.003642096	         0.002359817	         0.006001913
 20729	     -272000	 0.102638078	26.573195321	108.422531329	160.663590555	 0.230310737	         0.003508588	         0.002259169	         0.005767757
 20730	     -271000	 0.102473106	26.564087181	114.838346049	160.691326620	 0.230019341	         0.003588892	         0.002316704	         0.005905596
 20731	     -270000	 0.102354550	26.554255164	121.253168846	160.648069861	 0.229705200	         0.003505371	         0.002256378	         0.005761749
 20732	     -269000	 0.102296248	26.543607091	127.609299467	160.601210054	 0.229365469	         0.003372708	         0.002162519	         0.005535226
 20733	     -268000	 0.102037441	26.532518769	134.094495346	160.576230637	 0.229012225	         0.003214969	         0.002052600	         0.005267569
 20734	     -267000	 0.101773466	26.520840546	140.399582108	160.563141371	 0.228640778	         0.003038215	         0.001929786	         0.004968001
 20735	     -266000	 0.101483838	26.508664689	146.712390923	160.566281081	 0.228254143	         0.002848390	         0.001797895	         0.004646285
 20736	     -265000	 0.101260566	26.496190185	153.120811776	160.578411053	 0.227858703	         0.002638604	         0.001652861	         0.004291465
 20737	     -264000	 0.100774896	26.483131370	159.399299417	160.609186391	 0.227445475	         0.002418919	         0.001502025	         0.003920944
 20738	     -263000	 0.100357253	26.469649072	165.672694153	160.651831290	 0.227019632	         0.002193549	         0.001348342	         0.003541892
 20739	     -262000	 0.099913047	26.455669016	171.973360935	160.701578506	 0.226578910	         0.001960217	         0.001190174	         0.003150391
 20740	     -261000	 0.099306396	26.440969158	178.286988099	160.764143066	 0.226116418	         0.001726412	         0.001032994	         0.002759406
 20741	     -260000	 0.098684159	26.425632013	-175.482433393	160.841153209	 0.225634883	         0.001504736	         0.000885070	         0.002389806
 20742	     -259000	 0.098000006	26.409433762	-169.185655810	160.915494706	 0.225127424	         0.001279471	         0.000736500	         0.002015970
 20743	     -258000	 0.097239175	26.392335359	-162.822195829	160.954536979	 0.224593004	         0.001043197	         0.000583750	         0.001626947
 20744	     -257000	 0.096463176	26.374245346	-156.512997135	161.071365793	 0.224028972	         0.000859419	         0.000466242	         0.001325662
 20745	     -256000	 0.095611291	26.354847716	-150.189586488	161.196323439	 0.223425743	         0.000689524	         0.000359733	         0.001049256
 20746	     -255000	 0.094905072	26.334264963	-143.802229612	161.321256942	 0.222787435	         0.000531565	         0.000263276	         0.000794841
 20747	     -254000	 0.093973777	26.312121915	-137.376640101	161.449341210	 0.222102775	         0.000388680	         0.000179192	         0.000567871
 20748	     -253000	 0.093064129	26.288292216	-131.032088052	161.572944506	 0.221368315	         0.000262742	         0.000108342	         0.000371084
 20749	     -252000	 0.092270861	26.262756341	-124.693317508	161.690034637	 0.220583964	         0.000154233	         0.000053785	         0.000208018
 20750	     -251000	 0.091319608	26.234987488	-118.200660637	161.799695810	 0.219734179	         0.000082276	         0.000020942	         0.000103218
 20751	     -250000	 0.090287261	26.205101319	-111.797498010	161.895759736	 0.218823258	         0.000038798	         0.000003580	         0.000042378
 20752	     -249000	 0.089277888	26.172698150	-105.413547627	161.970058534	 0.217839885	         0.000012844	         0.000000000	         0.000012844
 20753	     -248000	 0.088256798	26.137283786	-98.874069580	162.037397570	 0.216770182	         0.000000819	         0.000000000	         0.000000819
 20754	     -247000	 0.087061563	26.099049544	-92.388261084	162.068086617	 0.215621200	         0.000000000	         0.000000000	         0.000000000
 20755	     -246000	 0.085937024	26.057439325	-85.807785548	162.085639489	 0.214377686	         0.000000000	         0.000000000	         0.000000000
 20756	     -245000	 0.084837261	26.012087405	-79.205416717	162.076630355	 0.213030517	         0.000000000	         0.000000000	         0.000000000
 20757	     -244000	 0.083570284	25.963060743	-72.432099440	162.030726153	 0.211583712	         0.000000000	         0.000000000	         0.000000000
 20758	     -243000	 0.082473098	25.909767900	-65.770256756	161.965863040	 0.210022153	         0.000000000	         0.000000000	         0.000000000
 20759	     -242000	 0.081257461	25.852258478	-59.000409889	161.864551494	 0.208349969	         0.000000000	         0.000000000	         0.000000000
 20760	     -241000	 0.080212915	25.790305687	-52.102418923	161.740291395	 0.206563479	         0.000000000	         0.000000000	         0.000000000
 20761	     -240000	 0.078985752	25.723396119	-45.225849260	161.587999613	 0.204651256	         0.000000000	         0.000000000	         0.000000000
 20762	     -239000	 0.077809760	25.652017403	-38.305855899	161.409508329	 0.202630819	         0.000000897	         0.000000000	         0.000000897
 20763	     -238000	 0.076746489	25.575793674	-31.354512297	161.206531942	 0.200495259	         0.000004744	         0.000000000	         0.000004744
 20764	     -237000	 0.075574847	25.494512236	-24.181605469	160.979194258	 0.198242788	         0.000010513	         0.000000000	         0.000010513
 20765	     -236000	 0.074357476	25.408542225	-17.128978698	160.731976522	 0.195887918	         0.000016323	         0.000000000	         0.000016323
 20766	     -235000	 0.073234805	25.317848233	-9.946566947	160.475949932	 0.193433964	         0.000022687	         0.000000000	         0.000022687
 20767	     -234000	 0.072168182	25.222592556	-2.545388764	160.207615886	 0.190889675	         0.000029096	         0.000000000	         0.000029096
 20768	     -233000	 0.070952499	25.122773472	 4.818408780	159.928344833	 0.188259399	         0.000033707	         0.000000000	         0.000033707
 20769	     -232000	 0.069936016	25.018740658	12.301997103	159.638473452	 0.185556651	         0.000036469	         0.000000000	         0.000036469
 20770	     -231000	 0.068973301	24.911019289	19.959323455	159.340574390	 0.182798958	         0.000037379	         0.000000000	         0.000037379
 20771	     -230000	 0.067997009	24.799561091	27.664641583	159.041299826	 0.179988736	         0.000036209	         0.000000000	         0.000036209
 20772	     -229000	 0.067151105	24.684901400	35.390531236	158.732308419	 0.177142868	         0.000031825	         0.000000000	         0.000031825
 20773	     -228000	 0.066404574	24.567622096	43.214197110	158.428712441	 0.174278527	         0.000026488	         0.000000000	         0.000026488
 20774	     -227000	 0.065653857	24.447706677	51.243808581	158.114753784	 0.171397686	         0.000019114	         0.000000000	         0.000019114
 20775	     -226000	 0.064951709	24.325966181	59.206724666	157.804970142	 0.168521709	         0.000010902	         0.000000000	         0.000010902
 20776	     -225000	 0.064316222	24.202554775	67.232864090	157.487340828	 0.165655510	         0.000002920	         0.000000000	         0.000002920
 20777	     -224000	 0.063895073	24.077650183	75.403386954	157.173376127	 0.162804266	         0.000000000	         0.000000000	         0.000000000
 20778	     -223000	 0.063424803	23.952189204	83.740377449	156.857398666	 0.159989722	         0.000000000	         0.000000000	         0.000000000
 20779	     -222000	 0.063026532	23.826103948	92.021320640	156.538337129	 0.157210194	         0.000000018	         0.000000000	         0.000000018
 20780	     -221000	 0.062815824	23.699807263	100.345313738	156.225166702	 0.154474416	         0.000000048	         0.000000000	         0.000000048
 20781	     -220000	 0.062794824	23.573951502	108.899672022	155.904007037	 0.151795548	         0.000000056	         0.000000000	         0.000000056
 20782	     -219000	 0.062824091	23.448913282	117.361595541	155.583116571	 0.149180089	         0.000000037	         0.000000000	         0.000000037
 20783	     -218000	 0.063038376	23.325311978	125.783973139	155.252110319	 0.146638979	         0.000000003	         0.000000000	         0.000000003
 20784	     -217000	 0.063548061	23.203501937	134.368671742	154.921224506	 0.144177049	         0.000000000	         0.000000000	         0.000000000
 20785	     -216000	 0.063922666	23.084272426	142.734028062	154.602118153	 0.141807307	         0.000000000	         0.000000000	         0.000000000
 20786	     -215000	 0.064617805	22.968865474	151.067261629	154.283313391	 0.139550645	         0.000000000	         0.000000000	         0.000000000
 20787	     -214000	 0.065394522	22.857430117	159.352650667	153.971705737	 0.137405728	         0.000000000	         0.000000000	         0.000000000
 20788	     -213000	 0.066235999	22.750743597	167.744935617	153.665816095	 0.135383114	         0.000000000	         0.000000000	         0.000000000
 20789	     -212000	 0.067152140	22.650412830	175.864595794	153.368443176	 0.133508168	         0.000000000	         0.000000000	         0.000000000
 20790	     -211000	 0.068139249	22.556723721	-175.963985569	153.079543617	 0.131780792	         0.000000000	         0.000000000	         0.000000000
 20791	     -210000	 0.069443814	22.470342526	-167.940219215	152.827075919	 0.130207963	         0.000000000	         0.000000000	         0.000000000
 20792	     -209000	 0.070617138	22.392214097	-159.815565426	152.600009104	 0.128801575	         0.000000000	         0.000000000	         0.000000000
 20793	     -208000	 0.071985370	22.322864136	-151.888184450	152.405009541	 0.127565938	         0.000000000	         0.000000000	         0.000000000
 20794	     -207000	 0.073458104	22.262747901	-144.068381244	152.237203697	 0.126504419	         0.000000000	         0.000000000	         0.000000000
 20795	     -206000	 0.075120855	22.212035729	-136.251320771	152.119882266	 0.125615826	         0.000000000	         0.000000000	         0.000000000
 20796	     -205000	 0.076737766	22.170958981	-128.643093562	152.045618225	 0.124900645	         0.000000000	         0.000000000	         0.000000000
 20797	     -204000	 0.078482218	22.139849133	-121.130412554	152.032388841	 0.124361707	         0.000000000	         0.000000000	         0.000000000
 20798	     -203000	 0.080369184	22.118414728	-113.637767311	152.065528270	 0.123991737	         0.000000000	         0.000000000	         0.000000000
 20799	     -202000	 0.082010663	22.106386947	-106.283407002	152.164589427	 0.123784613	         0.000000000	         0.000000000	         0.000000000
 20800	     -201000	 0.083790603	22.103921105	-99.101902423	152.316617335	 0.123742193	         0.000000000	         0.000000000	         0.000000000
 20801	     -200000	 0.085686492	22.110667977	-91.904583528	152.518871313	 0.123858295	         0.000000000	         0.000000000	         0.000000000
 20802	     -199000	 0.087488192	22.126492948	-84.673451494	152.761848599	 0.124131042	         0.000000000	         0.000000000	         0.000000000
 20803	     -198000	 0.089182195	22.151081704	-77.634370465	153.023337938	 0.124556028	         0.000000000	         0.000000000	         0.000000000
 20804	     -197000	 0.090949752	22.184204048	-70.570546328	153.318265047	 0.125130806	         0.000000000	         0.000000000	         0.000000000
 20805	     -196000	 0.092820032	22.225967428	-63.566359241	153.610793616	 0.125859317	         0.000000000	         0.000000000	         0.000000000
 20806	     -195000	 0.094580526	22.275899917	-56.587194676	153.912159498	 0.126735897	         0.000000000	         0.000000000	         0.000000000
 20807	     -194000	 0.096340585	22.333865163	-49.627717610	154.213547188	 0.127761154	         0.000000000	         0.000000000	         0.000000000
 20808	     -193000	 0.098168556	22.399929310	-42.788044175	154.512120799	 0.128939777	         0.000000000	         0.000000000	         0.000000000
 20809	     -192000	 0.099890725	22.473573327	-35.889283201	154.784440043	 0.130266450	         0.000000000	         0.000000000	         0.000000000
 20810	     -191000	 0.101491539	22.554538609	-29.109355819	155.046422870	 0.131740772	         0.000000000	         0.000000000	         0.000000000
 20811	     -190000	 0.103119931	22.642429967	-22.371864886	155.294587211	 0.133360107	         0.000000000	         0.000000000	         0.000000000
 20812	     -189000	 0.104762165	22.736553467	-15.542574495	155.531886517	 0.135116343	         0.000000000	         0.000000000	         0.000000000
 20813	     -188000	 0.106077970	22.836500981	-8.811766849	155.745037169	 0.137006575	         0.000000000	         0.000000000	         0.000000000
 20814	     -187000	 0.107434669	22.941096784	-2.088670295	155.946426990	 0.139013039	         0.000000000	         0.000000000	         0.000000000
 20815	     -186000	 0.108857953	23.049636574	 4.601140026	156.147469610	 0.141126233	         0.000000000	         0.000000000	         0.000000000
 20816	     -185000	 0.109993015	23.161433163	11.391258749	156.321334193	 0.143336425	         0.000000000	         0.000000000	         0.000000000
 20817	     -184000	 0.111154276	23.274779793	18.075142745	156.475410565	 0.145612600	         0.000000000	         0.000000000	         0.000000000
 20818	     -183000	 0.112174784	23.389163525	24.767088913	156.619195531	 0.147946247	         0.000000000	         0.000000000	         0.000000000
 20819	     -182000	 0.113292991	23.503736141	31.529888471	156.750413167	 0.150321240	         0.000000000	         0.000000000	         0.000000000
 20820	     -181000	 0.114098547	23.616823358	38.170783280	156.864903489	 0.152702827	         0.000000000	         0.000000000	         0.000000000
 20821	     -180000	 0.114960379	23.728200033	44.897340348	156.970967542	 0.155085268	         0.000000000	         0.000000000	         0.000000000
 20822	     -179000	 0.115733283	23.837101090	51.534811325	157.071825057	 0.157450690	         0.000000000	         0.000000000	         0.000000000
 20823	     -178000	 0.116291999	23.942451895	58.238455679	157.152826672	 0.159773325	         0.000028516	         0.000000000	         0.000028516
 20824	     -177000	 0.116752823	24.044306989	64.896406369	157.227465272	 0.162051462	         0.000087586	         0.000001862	         0.000089447
 20825	     -176000	 0.117113408	24.141974794	71.546340623	157.292412662	 0.164266445	         0.000167289	         0.000046044	         0.000213334
 20826	     -175000	 0.117516548	24.235187222	78.283318756	157.351702538	 0.166408615	         0.000257170	         0.000107344	         0.000364514
 20827	     -174000	 0.117497825	24.323989648	84.966749026	157.408480226	 0.168475416	         0.000348519	         0.000170799	         0.000519317
 20828	     -173000	 0.117583481	24.407713955	91.663245088	157.460765455	 0.170447532	         0.000440942	         0.000235375	         0.000676317
 20829	     -172000	 0.117702337	24.486545874	98.375414067	157.509462199	 0.172325504	         0.000531672	         0.000298300	         0.000829972
 20830	     -171000	 0.117448939	24.560379233	105.125170560	157.560816576	 0.174103159	         0.000613343	         0.000354656	         0.000967999
 20831	     -170000	 0.117294616	24.628515563	111.794927404	157.598155539	 0.175759915	         0.000680215	         0.000400245	         0.001080460
 20832	     -169000	 0.117051204	24.691056478	118.488750371	157.643318798	 0.177294489	         0.000728770	         0.000432764	         0.001161534
 20833	     -168000	 0.116694469	24.747679595	125.220845564	157.699242467	 0.178695411	         0.000761515	         0.000453208	         0.001214723
 20834	     -167000	 0.116144314	24.797742697	131.875763886	157.852702624	 0.179943248	         0.000826725	         0.000495481	         0.001322206
 20835	     -166000	 0.115557965	24.841092169	138.527230329	157.903450068	 0.181030783	         0.000816573	         0.000486725	         0.001303297
 20836	     -165000	 0.114953875	24.877326778	145.204853870	157.859599197	 0.181944865	         0.000740384	         0.000433743	         0.001174127
 20837	     -164000	 0.114064495	24.906202684	151.887366120	158.017057836	 0.182676614	         0.000743684	         0.000432761	         0.001176444
 20838	     -163000	 0.113160022	24.927437228	158.570460530	158.089537788	 0.183216599	         0.000687113	         0.000391677	         0.001078791
 20839	     -162000	 0.112205950	24.940877468	165.212851485	158.145489923	 0.183559203	         0.000609202	         0.000337097	         0.000946299
 20840	     -161000	 0.111128841	24.946788821	171.954724633	158.219186966	 0.183710091	         0.000525373	         0.000279153	         0.000804526
 20841	     -160000	 0.109982723	24.945086042	178.648317645	158.289669291	 0.183666615	         0.000434530	         0.000217870	         0.000652401
 20842	     -159000	 0.108782538	24.936099830	-174.666274991	158.241830284	 0.183437343	         0.000311803	         0.000142040	         0.000453842
 20843	     -158000	 0.107715009	24.920407394	-167.903733872	158.326838505	 0.183037657	         0.000226935	         0.000092323	         0.000319259
 20844	     -157000	 0.106270321	24.898263706	-161.189282645	158.415301709	 0.182475138	         0.000145593	         0.000053241	         0.000198834
 20845	     -156000	 0.104922200	24.870426901	-154.498520536	158.506013813	 0.181770448	         0.000073129	         0.000020153	         0.000093282
 20846	     -155000	 0.103729263	24.837516634	-147.811480016	158.584304505	 0.180940834	         0.000013825	         0.000004060	         0.000017885
 20847	     -154000	 0.102168826	24.799988809	-141.049107898	158.670414747	 0.179999437	         0.000003455	         0.000001259	         0.000004714
 20848	     -153000	 0.100670931	24.758772243	-134.374251356	158.741046091	 0.178971150	         0.000000804	         0.000000165	         0.000000969
 20849	     -152000	 0.099050831	24.714288333	-127.673192223	158.812072385	 0.177867939	         0.000000001	         0.000000000	         0.000000001
 20850	     -151000	 0.097504847	24.666984470	-120.928289197	158.872421947	 0.176702251	         0.000000000	         0.000000000	         0.000000000
 20851	     -150000	 0.095713095	24.617669046	-114.195970824	158.916283149	 0.175495127	         0.000000000	         0.000000000	         0.000000000
 20852	     -149000	 0.094027396	24.566731161	-107.364459453	158.956553538	 0.174256946	         0.000000000	         0.000000000	         0.000000000
 20853	     -148000	 0.092350801	24.514663224	-100.601377313	158.971629895	 0.173000324	         0.000000000	         0.000000000	         0.000000000
 20854	     -147000	 0.090555507	24.461999598	-93.694027070	158.978300036	 0.171738543	         0.000000000	         0.000000000	         0.000000000
 20855	     -146000	 0.088844758	24.409155167	-86.883208268	158.959747050	 0.170481681	         0.000000000	         0.000000000	         0.000000000
 20856	     -145000	 0.087160066	24.356869149	-80.031519317	158.925217192	 0.169247153	         0.000000000	         0.000000000	         0.000000000
 20857	     -144000	 0.085545294	24.305603580	-73.072406637	158.878525711	 0.168045399	         0.000000000	         0.000000000	         0.000000000
 20858	     -143000	 0.083716342	24.255741123	-66.165386214	158.804135099	 0.166884723	         0.000000000	         0.000000000	         0.000000000
 20859	     -142000	 0.082025317	24.208367750	-59.274259003	158.719542538	 0.165789415	         0.000000000	         0.000000000	         0.000000000
 20860	     -141000	 0.080457978	24.164038814	-52.329228644	158.621583677	 0.164771007	         0.000000000	         0.000000000	         0.000000000
 20861	     -140000	 0.078696245	24.123134581	-45.216632012	158.509417258	 0.163836829	         0.000000000	         0.000000000	         0.000000000
 20862	     -139000	 0.076969496	24.086768000	-38.227399418	158.391458338	 0.163010731	         0.000000000	         0.000000000	         0.000000000
 20863	     -138000	 0.075366589	24.055487843	-31.109108763	158.267639048	 0.162303508	         0.000000000	         0.000000000	         0.000000000
 20864	     -137000	 0.073717305	24.029761119	-23.857142940	158.149592276	 0.161724145	         0.000000000	         0.000000000	         0.000000000
 20865	     -136000	 0.072128219	24.010365752	-16.608955727	158.028786330	 0.161288731	         0.000000000	         0.000000000	         0.000000000
 20866	     -135000	 0.070672647	23.997586095	-9.235159750	157.922418013	 0.161002476	         0.000000000	         0.000000000	         0.000000000
 20867	     -134000	 0.069340845	23.991884948	-1.796399738	157.828598514	 0.160874939	         0.000000000	         0.000000000	         0.000000000
 20868	     -133000	 0.067942036	23.993669277	 5.696256998	157.745936410	 0.160914844	         0.000000000	         0.000000000	         0.000000000
 20869	     -132000	 0.066729839	24.002764835	13.248810693	157.681353772	 0.161118415	         0.000000000	         0.000000000	         0.000000000
 20870	     -131000	 0.065701973	24.019470099	20.755278576	157.629165795	 0.161492972	         0.000000000	         0.000000000	         0.000000000
 20871	     -130000	 0.064694497	24.043863929	28.501796313	157.586478030	 0.162041482	         0.000000000	         0.000000000	         0.000000000
 20872	     -129000	 0.063656618	24.075520037	36.212048969	157.562552459	 0.162756068	         0.000000000	         0.000000000	         0.000000000
 20873	     -128000	 0.062814077	24.114552563	43.884172650	157.558932025	 0.163641504	         0.000000000	         0.000000000	         0.000000000
 20874	     -127000	 0.062190036	24.160709998	51.712946281	157.566165784	 0.164694784	         0.000000000	         0.000000000	         0.000000000
 20875	     -126000	 0.061444730	24.213616146	59.658084167	157.589204827	 0.165910407	         0.000000000	         0.000000000	         0.000000000
 20876	     -125000	 0.060905279	24.273210693	67.612219870	157.624352705	 0.167290457	         0.000008120	         0.000000000	         0.000008120
 20877	     -124000	 0.060605483	24.338983445	75.549732808	157.675503190	 0.168826908	         0.000032178	         0.000000000	         0.000032178
 20878	     -123000	 0.060322707	24.410708946	83.744650553	157.735983380	 0.170518505	         0.000066670	         0.000002118	         0.000068788
 20879	     -122000	 0.060240268	24.488082597	91.730660396	157.811347029	 0.172362318	         0.000110694	         0.000014885	         0.000125579
 20880	     -121000	 0.060310521	24.570445804	99.843564380	157.901162397	 0.174346944	         0.000159144	         0.000040781	         0.000199926
 20881	     -120000	 0.060615009	24.657823538	107.946702881	157.999274063	 0.176477387	         0.000209284	         0.000072304	         0.000281588
 20882	     -119000	 0.060830186	24.749662816	115.985485139	158.098769172	 0.178744678	         0.000253791	         0.000101848	         0.000355640
 20883	     -118000	 0.061370590	24.845188461	123.980184656	158.223755210	 0.181133889	         0.000297224	         0.000128904	         0.000426128
 20884	     -117000	 0.061949112	24.944408877	131.926993379	158.360033862	 0.183649328	         0.000339071	         0.000155475	         0.000494545
 20885	     -116000	 0.062656318	25.046557463	139.966530563	158.513009425	 0.186275501	         0.000379852	         0.000181828	         0.000561680
 20886	     -115000	 0.063344079	25.150981367	147.884613261	158.794645407	 0.188998993	         0.000455104	         0.000227655	         0.000682759
 20887	     -114000	 0.064212536	25.257231565	155.720333812	158.870168554	 0.191810991	         0.000452799	         0.000226905	         0.000679704
 20888	     -113000	 0.065340905	25.364427051	163.588820020	159.173997869	 0.194690407	         0.000516378	         0.000264640	         0.000781018
 20889	     -112000	 0.066309641	25.472179031	171.506143729	159.394302168	 0.197628334	         0.000531808	         0.000272614	         0.000804422
 20890	     -111000	 0.067510544	25.579401868	179.246661016	159.521991223	 0.200595840	         0.000502027	         0.000253626	         0.000755653
 20891	     -110000	 0.068855438	25.685201799	-173.098507467	159.867436686	 0.203567639	         0.000530747	         0.000268284	         0.000799031
 20892	     -109000	 0.070223869	25.789257696	-165.346901108	160.027579162	 0.206533391	         0.000475323	         0.000233795	         0.000709118
 20893	     -108000	 0.071659924	25.890183728	-157.827053040	160.307134959	 0.209451208	         0.000446815	         0.000214960	         0.000661775
 20894	     -107000	 0.073248299	25.987304624	-150.343952519	160.595056781	 0.212297931	         0.000406384	         0.000189475	         0.000595858
 20895	     -106000	 0.074795665	26.080124831	-142.820398658	160.895218363	 0.215054746	         0.000354875	         0.000158330	         0.000513205
 20896	     -105000	 0.076303131	26.167376330	-135.424019480	161.192650735	 0.217678802	         0.000295252	         0.000123949	         0.000419201
 20897	     -104000	 0.077944678	26.249028824	-128.132242408	161.494328590	 0.220163463	         0.000231436	         0.000090405	         0.000321841
 20898	     -103000	 0.079653700	26.324399442	-120.835778795	161.791378162	 0.222482134	         0.000172230	         0.000062784	         0.000235014
 20899	     -102000	 0.081245405	26.392558106	-113.497879067	162.079809158	 0.224599958	         0.000126514	         0.000041331	         0.000167845
 20900	     -101000	 0.082905851	26.454010751	-106.255601474	162.357905779	 0.226526690	         0.000093450	         0.000026047	         0.000119497
 20901	     -100000	 0.084561943	26.508018289	-99.117519156	162.616597153	 0.228233635	         0.000070207	         0.000015442	         0.000085649
 20902	      -99000	 0.086389596	26.554242789	-91.905895043	162.854554248	 0.229704805	         0.000053607	         0.000008443	         0.000062050
 20903	      -98000	 0.088081511	26.593184343	-84.744085779	163.065208738	 0.230951539	         0.000045844	         0.000005320	         0.000051164
 20904	      -97000	 0.089787700	26.624056541	-77.666208382	163.241806010	 0.231944736	         0.000044744	         0.000004716	         0.000049460
 20905	      -96000	 0.091655547	26.647071155	-70.662619373	163.383964656	 0.232687923	         0.000049773	         0.000006120	         0.000055893
 20906	      -95000	 0.093266542	26.662376195	-63.605205688	163.489390506	 0.233183470	         0.000064096	         0.000010982	         0.000075078
 20907	      -94000	 0.094958482	26.669034293	-56.669115065	163.547951296	 0.233399376	         0.000085127	         0.000018961	         0.000104088
 20908	      -93000	 0.096624922	26.667533742	-49.773580760	163.565231330	 0.233350699	         0.000115236	         0.000031056	         0.000146292
 20909	      -92000	 0.098202523	26.657526368	-42.752537474	163.536574264	 0.233026328	         0.000156117	         0.000048298	         0.000204416
 20910	      -91000	 0.099606850	26.638211146	-35.896984838	163.462649327	 0.232401535	         0.000206146	         0.000072927	         0.000279074
 20911	      -90000	 0.101130171	26.610110151	-28.990237958	163.349343824	 0.231495536	         0.000265755	         0.000107277	         0.000373032
 20912	      -89000	 0.102664151	26.572540978	-22.129805873	163.199327813	 0.230289791	         0.000334124	         0.000149074	         0.000483198
 20913	      -88000	 0.103938334	26.525369198	-15.179889311	163.006474804	 0.228784748	         0.000411366	         0.000198324	         0.000609690
 20914	      -87000	 0.105376627	26.469033618	-8.342102924	162.785681573	 0.227000212	         0.000492728	         0.000251437	         0.000744164
 20915	      -86000	 0.106668109	26.402954897	-1.543456330	162.547950067	 0.224924774	         0.000581602	         0.000310184	         0.000891786
 20916	      -85000	 0.108043764	26.327790236	 5.312996708	162.282379794	 0.222587019	         0.000673199	         0.000371477	         0.001044676
 20917	      -84000	 0.109259935	26.244140463	12.093140301	161.996160048	 0.220013917	         0.000761709	         0.000431495	         0.001193204
 20918	      -83000	 0.110408185	26.151993854	18.843266466	161.691489932	 0.217213866	         0.000844525	         0.000488086	         0.001332611
 20919	      -82000	 0.111609594	26.052463392	25.574114090	161.377237506	 0.214229461	         0.000921373	         0.000541650	         0.001463023
 20920	      -81000	 0.112501109	25.946124628	32.336435922	161.014114665	 0.211086205	         0.000956772	         0.000566176	         0.001522948
 20921	      -80000	 0.113406621	25.833775016	38.994944817	160.728119142	 0.207815363	         0.001041019	         0.000625497	         0.001666516
 20922	      -79000	 0.114262012	25.716485790	45.670824323	160.396271089	 0.204454775	         0.001078302	         0.000652358	         0.001730660
 20923	      -78000	 0.114959478	25.594536256	52.460908210	160.058719668	 0.201018274	         0.001099175	         0.000668464	         0.001767640
 20924	      -77000	 0.115469999	25.469291967	59.116301864	159.730303743	 0.197549041	         0.001097392	         0.000669878	         0.001767271
 20925	      -76000	 0.116021941	25.341276495	65.800550868	159.398622971	 0.194064914	         0.001072236	         0.000655726	         0.001727962
 20926	      -75000	 0.116517503	25.210584791	72.546362805	159.020795118	 0.190571331	         0.000987673	         0.000599918	         0.001587591
 20927	      -74000	 0.116826335	25.078499544	79.258085071	158.748167615	 0.187104394	         0.000965412	         0.000587799	         0.001553211
 20928	      -73000	 0.117170715	24.945015705	85.940955413	158.430030973	 0.183664819	         0.000887383	         0.000536715	         0.001424097
 20929	      -72000	 0.117469291	24.810374084	92.589489467	158.120345055	 0.180259463	         0.000798467	         0.000478108	         0.001276575
 20930	      -71000	 0.117543929	24.675477741	99.298374357	157.816238127	 0.176910983	         0.000700402	         0.000413094	         0.001113497
 20931	      -70000	 0.117618325	24.539939096	105.940208940	157.514918920	 0.173609203	         0.000598305	         0.000344471	         0.000942776
 20932	      -69000	 0.117522174	24.404474741	112.524463742	157.213325596	 0.170370805	         0.000493181	         0.000274720	         0.000767901
 20933	      -68000	 0.117449283	24.269751992	119.183202480	156.917757831	 0.167210050	         0.000392264	         0.000208656	         0.000600920
 20934	      -67000	 0.117090878	24.135524532	125.821109120	156.630274097	 0.164119232	         0.000296372	         0.000146243	         0.000442615
 20935	      -66000	 0.116695719	24.003138132	132.442937564	156.350282575	 0.161126775	         0.000213474	         0.000094222	         0.000307695
 20936	      -65000	 0.116303997	23.872912780	139.025205085	156.076689997	 0.158236406	         0.000146001	         0.000054528	         0.000200529
 20937	      -64000	 0.115626432	23.745097477	145.748638834	155.824658973	 0.155449952	         0.000094003	         0.000027623	         0.000121626
 20938	      -63000	 0.114999642	23.621418574	152.379810965	155.555150080	 0.152800395	         0.000053564	         0.000012155	         0.000065718
 20939	      -62000	 0.114283649	23.501979354	159.003532598	155.304493197	 0.150284537	         0.000027721	         0.000005589	         0.000033311
 20940	      -61000	 0.113531030	23.387438017	165.788285431	155.073371752	 0.147910767	         0.000012876	         0.000002557	         0.000015433
 20941	      -60000	 0.112551005	23.279325931	172.409679135	154.852590713	 0.145704644	         0.000005804	         0.000000861	         0.000006665
 20942	      -59000	 0.111658036	23.177564718	179.133667452	154.645842582	 0.143658187	         0.000002323	         0.000000062	         0.000002385
 20943	      -58000	 0.110711029	23.082932068	-174.188779185	154.448263727	 0.141780890	         0.000000546	         0.000000000	         0.000000546
 20944	      -57000	 0.109515538	22.996088468	-167.406446767	154.300281399	 0.140079704	         0.000000000	         0.000000000	         0.000000000
 20945	      -56000	 0.108363066	22.916897378	-160.680149192	154.166608783	 0.138546224	         0.000000000	         0.000000000	         0.000000000
 20946	      -55000	 0.107077802	22.845945713	-153.941067852	154.068225771	 0.137186557	         0.000000000	         0.000000000	         0.000000000
 20947	      -54000	 0.105870971	22.782890099	-147.097706932	153.983687105	 0.135989408	         0.000000000	         0.000000000	         0.000000000
 20948	      -53000	 0.104417335	22.727644816	-140.251906593	153.933501886	 0.134949132	         0.000000000	         0.000000000	         0.000000000
 20949	      -52000	 0.102994626	22.680345848	-133.366406660	153.911133792	 0.134064812	         0.000000000	         0.000000000	         0.000000000
 20950	      -51000	 0.101645415	22.640205081	-126.436007151	153.918704217	 0.133318871	         0.000000000	         0.000000000	         0.000000000
 20951	      -50000	 0.100119271	22.607092644	-119.417466034	153.933929057	 0.132706664	         0.000000000	         0.000000000	         0.000000000
 20952	      -49000	 0.098719944	22.580843085	-112.431172354	153.996111160	 0.132223341	         0.000000000	         0.000000000	         0.000000000
 20953	      -48000	 0.097327639	22.560765671	-105.413531728	154.067063287	 0.131854851	         0.000000000	         0.000000000	         0.000000000
 20954	      -47000	 0.095885444	22.546799816	-98.199139184	154.162608158	 0.131599136	         0.000000000	         0.000000000	         0.000000000
 20955	      -46000	 0.094317785	22.538581050	-91.111280432	154.260844931	 0.131448882	         0.000000000	         0.000000000	         0.000000000
 20956	      -45000	 0.092896913	22.535811908	-83.975039159	154.366854614	 0.131398296	         0.000000000	         0.000000000	         0.000000000
 20957	      -44000	 0.091485680	22.538513383	-76.684787866	154.477631021	 0.131447645	         0.000000000	         0.000000000	         0.000000000
 20958	      -43000	 0.089945496	22.546225509	-69.303197442	154.587321904	 0.131588631	         0.000000000	         0.000000000	         0.000000000
 20959	      -42000	 0.088494078	22.558982839	-61.940482079	154.685161452	 0.131822180	         0.000000000	         0.000000000	         0.000000000
 20960	      -41000	 0.087043053	22.576574128	-54.500406596	154.781657043	 0.132144905	         0.000000000	         0.000000000	         0.000000000
 20961	      -40000	 0.085663300	22.598675755	-46.906747096	154.875131312	 0.132551495	         0.000000000	         0.000000000	         0.000000000
 20962	      -39000	 0.084406687	22.625248227	-39.268699058	154.949141898	 0.133041989	         0.000000000	         0.000000000	         0.000000000
 20963	      -38000	 0.083106709	22.655842399	-31.584854197	155.011839035	 0.133608966	         0.000000000	         0.000000000	         0.000000000
 20964	      -37000	 0.082107173	22.690279986	-23.777141751	155.074690528	 0.134250062	         0.000000000	         0.000000000	         0.000000000
 20965	      -36000	 0.080938392	22.728272811	-15.967998783	155.117831086	 0.134960913	         0.000000000	         0.000000000	         0.000000000
 20966	      -35000	 0.079978433	22.769121224	-8.166579713	155.159842634	 0.135729391	         0.000000000	         0.000000000	         0.000000000
 20967	      -34000	 0.079200362	22.812710091	-0.359243973	155.214457480	 0.136554251	         0.000000000	         0.000000000	         0.000000000
 20968	      -33000	 0.078368383	22.858599208	 7.685635996	155.254020142	 0.137428058	         0.000000000	         0.000000000	         0.000000000
 20969	      -32000	 0.077598151	22.906127907	15.553126894	155.298084891	 0.138338981	         0.000000000	         0.000000000	         0.000000000
 20970	      -31000	 0.076900570	22.955183869	23.468249189	155.328969651	 0.139285507	         0.000000000	         0.000000000	         0.000000000
 20971	      -30000	 0.076487262	23.005260569	31.480229612	155.366332954	 0.140258409	         0.000000000	         0.000000000	         0.000000000
 20972	      -29000	 0.075902330	23.056244648	39.540608954	155.397313160	 0.141255921	         0.000000000	         0.000000000	         0.000000000
 20973	      -28000	 0.075595269	23.107801237	47.564478212	155.431425583	 0.142271848	         0.000000000	         0.000000000	         0.000000000
 20974	      -27000	 0.075350067	23.159537581	55.577029363	155.464526739	 0.143298663	         0.000000000	         0.000000000	         0.000000000
 20975	      -26000	 0.075234139	23.211862617	63.692760471	155.499910387	 0.144344699	         0.000000000	         0.000000000	         0.000000000
 20976	      -25000	 0.075264147	23.264376467	71.597343917	155.531067861	 0.145402187	         0.000000000	         0.000000000	         0.000000000
 20977	      -24000	 0.075386364	23.316994403	79.578954515	155.565901889	 0.146469542	         0.000000000	         0.000000000	         0.000000000
 20978	      -23000	 0.075664484	23.370248521	87.487799704	155.603507116	 0.147557779	         0.000000000	         0.000000000	         0.000000000
 20979	      -22000	 0.075904585	23.423836015	95.314103165	155.642593127	 0.148660991	         0.000000000	         0.000000000	         0.000000000
 20980	      -21000	 0.076213925	23.477962509	103.033806906	155.694269872	 0.149783672	         0.000000279	         0.000000000	         0.000000279
 20981	      -20000	 0.076713896	23.533051402	110.676182490	155.746122688	 0.150935022	         0.000001243	         0.000000049	         0.000001292
 20982	      -19000	 0.077230707	23.588964380	118.452530545	155.799093881	 0.152112644	         0.000002911	         0.000000496	         0.000003407
 20983	      -18000	 0.077641295	23.646252412	125.960268988	155.857604365	 0.153328758	         0.000005582	         0.000001174	         0.000006756
 20984	      -17000	 0.078233217	23.705011777	133.450221427	155.934155540	 0.154586207	         0.000009316	         0.000002017	         0.000011333
 20985	      -16000	 0.079013665	23.765397277	140.960763547	156.026640977	 0.155889200	         0.000011554	         0.000002848	         0.000014402
 20986	      -15000	 0.079622813	23.828158458	148.371787505	156.133898139	 0.157255096	         0.000014250	         0.000003078	         0.000017329
 20987	      -14000	 0.080432836	23.893156113	155.665201935	156.250161816	 0.158682282	         0.000016555	         0.000003653	         0.000020208
 20988	      -13000	 0.081318133	23.960901417	162.914934246	156.404766281	 0.160183587	         0.000018472	         0.000004210	         0.000022682
 20989	      -12000	 0.082179039	24.031878352	170.097559659	156.564249627	 0.161771747	         0.000017857	         0.000004323	         0.000022180
 20990	      -11000	 0.083078657	24.105961246	177.133908653	156.741746195	 0.163446201	         0.000015496	         0.000004068	         0.000019564
 20991	      -10000	 0.084058613	24.183811399	-175.917851386	156.922718327	 0.165224485	         0.000011356	         0.000003469	         0.000014824
 20992	       -9000	 0.085022293	24.265555248	-168.930289777	157.155052654	 0.167112537	         0.000007989	         0.000002771	         0.000010760
 20993	       -8000	 0.085893190	24.351202710	-162.124041770	157.412964116	 0.169113901	         0.000005603	         0.000002045	         0.000007649
 20994	       -7000	 0.086789046	24.441161342	-155.329110324	157.692424033	 0.171241819	         0.000003785	         0.000001365	         0.000005150
 20995	       -6000	 0.087816822	24.535253348	-148.611102880	157.988616113	 0.173496165	         0.000002363	         0.000000782	         0.000003145
 20996	       -5000	 0.088700617	24.633724519	-141.855828162	158.311439223	 0.175887219	         0.000001216	         0.000000317	         0.000001533
 20997	       -4000	 0.089582487	24.736458153	-135.201045521	158.647931000	 0.178416903	         0.000000411	         0.000000042	         0.000000453
 20998	       -3000	 0.090497330	24.843270758	-128.653555394	159.004470614	 0.181085612	         0.000000023	         0.000000000	         0.000000023
 20999	       -2000	 0.091571466	24.954662590	-121.964549131	159.378036944	 0.183911264	         0.000000000	         0.000000000	         0.000000000
 21000	       -1000	 0.092413567	25.070009643	-115.454439254	159.754796012	 0.186883723	         0.000000000	         0.000000000	         0.000000000
 21001	           0	 0.093315101	25.189417000	-108.955069177	160.144976314	 0.190011433	         0.000000000	         0.000000000	         0.000000000
