LaskarTimestep	time_years	ecc	obl	Lsp	Tsurf	SF12	ForcedConv	FreeConv	TotalSubl
 20501	     -500000	 0.053483653	32.703763755	-67.814367410	173.645417072	 0.495471909	         0.000000000	         0.020648408	         0.020648408
 20502	     -499000	 0.053288153	32.488620538	-59.367825181	173.364596178	 0.484587942	         0.000000000	         0.019911089	         0.019911089
 20503	     -498000	 0.053377802	32.256228450	-50.865905620	173.039707622	 0.472908448	         0.000000000	         0.019250624	         0.019250624
 20504	     -497000	 0.053647700	32.006039467	-42.223229794	172.663907404	 0.460432689	         0.000000000	         0.018660069	         0.018660069
 20505	     -496000	 0.054047376	31.738155109	-33.689989970	172.244119341	 0.447197684	         0.000000000	         0.018108235	         0.018108235
 20506	     -495000	 0.054631131	31.454701396	-25.262552658	171.778959037	 0.433343958	         0.000000000	         0.017545870	         0.017545870
 20507	     -494000	 0.055503104	31.154095440	-16.914646569	171.276376494	 0.418834389	         0.000000000	         0.016955168	         0.016955168
 20508	     -493000	 0.056285559	30.837897089	-8.625617696	170.730535301	 0.403789716	         0.000000000	         0.016334729	         0.016334729
 20509	     -492000	 0.057273798	30.508467070	-0.601773950	170.167212589	 0.388368542	         0.000000000	         0.015662361	         0.015662361
 20510	     -491000	 0.058303969	30.164542217	 7.329286080	169.572997355	 0.372561100	         0.000000000	         0.014908860	         0.014908860
 20511	     -490000	 0.059484652	29.808813997	15.267923373	168.949241140	 0.356542373	         0.000000000	         0.014084156	         0.014084156
 20512	     -489000	 0.060538153	29.442650094	23.011034297	168.309630943	 0.340422544	         0.000000000	         0.013173146	         0.013173146
 20513	     -488000	 0.061639490	29.066784175	30.704745155	167.646442619	 0.324281300	         0.000000000	         0.012172770	         0.012172770
 20514	     -487000	 0.062886122	28.683922654	38.224408913	166.981315113	 0.308277694	         0.000000000	         0.011134160	         0.011134160
 20515	     -486000	 0.064104852	28.293832465	45.936134667	166.287148486	 0.292440767	         0.000000000	         0.010037566	         0.010037566
 20516	     -485000	 0.065275801	27.899601971	53.414207966	165.590913722	 0.276939744	         0.000000000	         0.008901022	         0.008901022
 20517	     -484000	 0.066523121	27.502929228	60.816856720	164.886050772	 0.262083313	         0.000000000	         0.007761445	         0.007761445
 20518	     -483000	 0.067980414	27.102757701	68.326978207	164.165996118	 0.247903262	         0.000000000	         0.006646298	         0.006646298
 20519	     -482000	 0.069279862	26.702831910	75.589135537	163.448446811	 0.234498435	         0.000000000	         0.005563215	         0.005563215
 20520	     -481000	 0.070766927	26.303573924	82.822812481	162.713966068	 0.221839036	         0.000000000	         0.004539443	         0.004539443
 20521	     -480000	 0.072297673	25.904594183	90.011690551	161.985363912	 0.209871171	         0.000000000	         0.003616518	         0.003616518
 20522	     -479000	 0.073750478	25.509120825	97.135510913	161.243825825	 0.198645747	         0.000000000	         0.002778326	         0.002778326
 20523	     -478000	 0.075291017	25.116205047	104.020098171	160.482304761	 0.188087594	         0.000000000	         0.002046033	         0.002046033
 20524	     -477000	 0.076898065	24.726864180	110.918557181	159.598388847	 0.178179131	         0.000000000	         0.001331127	         0.001331127
 20525	     -476000	 0.078610144	24.343391493	117.769152026	158.811512153	 0.168930383	         0.000000000	         0.000846493	         0.000846493
 20526	     -475000	 0.080147059	23.964548390	124.453057477	157.995577065	 0.160264809	         0.000000000	         0.000472749	         0.000472749
 20527	     -474000	 0.081736300	23.592875073	131.020021714	157.176680079	 0.152195353	         0.000000000	         0.000223148	         0.000223148
 20528	     -473000	 0.083438263	23.229283684	137.468539094	156.287091465	 0.144694657	         0.000000000	         0.000075594	         0.000075594
 20529	     -472000	 0.085024744	22.873732872	143.925470048	155.347146606	 0.137717454	         0.000000000	         0.000016670	         0.000016670
 20530	     -471000	 0.086547933	22.529770671	150.195334867	154.331421779	 0.131288002	         0.000000000	         0.000002804	         0.000002804
 20531	     -470000	 0.088039061	22.197244271	156.361051185	153.152474817	 0.125357823	         0.000000000	         0.000000000	         0.000000000
 20532	     -469000	 0.089502226	21.877494687	162.561079922	151.364520603	 0.119908271	         0.000000000	         0.000000000	         0.000000000
 20533	     -468000	 0.090729618	21.573982193	168.627502878	149.328751849	 0.114954777	         0.000000000	         0.000000000	         0.000000000
 20534	     -467000	 0.091988770	21.286308398	174.612217699	149.325741123	 0.110448809	         0.000000000	         0.000000000	         0.000000000
 20535	     -466000	 0.093237521	21.016546235	-179.294602679	149.322198882	 0.106384002	         0.000000000	         0.000000000	         0.000000000
 20536	     -465000	 0.094204887	20.766837482	-173.280920725	149.318177726	 0.102754812	         0.000000000	         0.000000000	         0.000000000
 20537	     -464000	 0.095244397	20.537205881	-167.314968424	149.313830611	 0.099526794	         0.000000000	         0.000000000	         0.000000000
 20538	     -463000	 0.096312874	20.329546983	-161.363161225	149.309139337	 0.096695059	         0.000000000	         0.000000000	         0.000000000
 20539	     -462000	 0.097278858	20.143863604	-155.323193101	149.304005772	 0.094231293	         0.000000000	         0.000000000	         0.000000000
 20540	     -461000	 0.098254956	19.980760304	-149.424423734	149.298693600	 0.092118976	         0.000000000	         0.000000000	         0.000000000
 20541	     -460000	 0.099104240	19.841112321	-143.506292126	149.293072752	 0.090348091	         0.000000000	         0.000000000	         0.000000000
 20542	     -459000	 0.100206210	19.723633083	-137.617000694	149.287257376	 0.088884723	         0.000000000	         0.000000000	         0.000000000
 20543	     -458000	 0.101029490	19.628903216	-131.780502330	149.281272010	 0.087722009	         0.000000000	         0.000000000	         0.000000000
 20544	     -457000	 0.101843791	19.556180600	-125.984251201	149.275173829	 0.086839743	         0.000000000	         0.000000000	         0.000000000
 20545	     -456000	 0.102644204	19.504268931	-120.267447087	149.269052088	 0.086215387	         0.000000000	         0.000000000	         0.000000000
 20546	     -455000	 0.103279566	19.473503825	-114.469057938	149.262815731	 0.085847487	         0.000000000	         0.000000000	         0.000000000
 20547	     -454000	 0.103740329	19.461807786	-108.793202614	149.256766618	 0.085708034	         0.000000000	         0.000000000	         0.000000000
 20548	     -453000	 0.104099069	19.468549107	-103.074824993	149.250800193	 0.085788383	         0.000000000	         0.000000000	         0.000000000
 20549	     -452000	 0.104512313	19.493756510	-97.261009048	149.244896924	 0.086089498	         0.000000000	         0.000000000	         0.000000000
 20550	     -451000	 0.104488019	19.535143430	-91.476132378	149.239448277	 0.086586180	         0.000000000	         0.000000000	         0.000000000
 20551	     -450000	 0.104580432	19.592772102	-85.643813392	149.234273458	 0.087282554	         0.000000000	         0.000000000	         0.000000000
 20552	     -449000	 0.104597861	19.666035783	-79.761277806	149.229534962	 0.088175950	         0.000000000	         0.000000000	         0.000000000
 20553	     -448000	 0.104415746	19.753339038	-73.738059487	149.225341413	 0.089252498	         0.000000000	         0.000000000	         0.000000000
 20554	     -447000	 0.104213875	19.855322745	-67.798218820	149.221849554	 0.090526728	         0.000000000	         0.000000000	         0.000000000
 20555	     -446000	 0.103913767	19.970649858	-61.716485987	149.219050420	 0.091989608	         0.000000000	         0.000000000	         0.000000000
 20556	     -445000	 0.103632189	20.098451812	-55.561593016	149.217004760	 0.093638356	         0.000000000	         0.000000000	         0.000000000
 20557	     -444000	 0.103142396	20.239479855	-49.397543857	149.215954415	 0.095492048	         0.000000000	         0.000000000	         0.000000000
 20558	     -443000	 0.102594499	20.392340109	-43.180589867	149.215838501	 0.097542732	         0.000000000	         0.000000000	         0.000000000
 20559	     -442000	 0.102094276	20.556316961	-36.906770136	149.216620932	 0.099791533	         0.000000000	         0.000000000	         0.000000000
 20560	     -441000	 0.101418020	20.731396369	-30.501263454	149.218501705	 0.102249855	         0.000000000	         0.000000000	         0.000000000
 20561	     -440000	 0.100612810	20.916451762	-24.131887082	149.221401757	 0.104914116	         0.000000000	         0.000000000	         0.000000000
 20562	     -439000	 0.099801682	21.110735354	-17.707785438	149.225222180	 0.107785969	         0.000000000	         0.000000000	         0.000000000
 20563	     -438000	 0.098991063	21.313165946	-11.120461420	149.899814529	 0.110861907	         0.000000000	         0.000000000	         0.000000000
 20564	     -437000	 0.097988888	21.522641323	-4.589955745	152.683579064	 0.114137336	         0.000000000	         0.000000000	         0.000000000
 20565	     -436000	 0.097012296	21.738411815	 1.999400543	153.753487428	 0.117612406	         0.000000000	         0.000000000	         0.000000000
 20566	     -435000	 0.096112405	21.959199964	 8.708213249	154.558131084	 0.121277835	         0.000000000	         0.000000000	         0.000000000
 20567	     -434000	 0.094871947	22.183936174	15.425421999	155.219714865	 0.125126147	         0.000000000	         0.000000000	         0.000000000
 20568	     -433000	 0.093717211	22.411455413	22.149081502	155.803483688	 0.129146521	         0.000000000	         0.000000000	         0.000000000
 20569	     -432000	 0.092570945	22.641216795	28.915953590	156.323201883	 0.133337621	         0.000000000	         0.000000000	         0.000000000
 20570	     -431000	 0.091280719	22.872575902	35.851098345	156.792674747	 0.137695308	         0.000000000	         0.000000000	         0.000000000
 20571	     -430000	 0.089880819	23.104270285	42.752121722	157.236700295	 0.142202038	         0.000000000	         0.000000000	         0.000000000
 20572	     -429000	 0.088407314	23.336253064	49.761852521	157.640308179	 0.146862159	         0.000000000	         0.000005456	         0.000005456
 20573	     -428000	 0.087055942	23.568404303	56.828114803	158.022374475	 0.151678550	         0.000000000	         0.000097878	         0.000097878
 20574	     -427000	 0.085523656	23.800273683	64.050375750	158.389868446	 0.156646758	         0.000000000	         0.000257709	         0.000257709
 20575	     -426000	 0.084054184	24.031816180	71.371111583	158.735380812	 0.161770349	         0.000000000	         0.000462034	         0.000462034
 20576	     -425000	 0.082640209	24.262875673	78.704281287	159.088066580	 0.167050305	         0.000000000	         0.000718077	         0.000718077
 20577	     -424000	 0.081254428	24.494013611	86.283114421	159.544489451	 0.172504474	         0.000000000	         0.001091091	         0.001091091
 20578	     -423000	 0.079854296	24.725194202	93.752355689	159.884132011	 0.178137776	         0.000000000	         0.001444288	         0.001444288
 20579	     -422000	 0.078553475	24.955606627	101.346534410	160.208624514	 0.183935398	         0.000000000	         0.001821845	         0.001821845
 20580	     -421000	 0.077463566	25.186350218	109.066419876	160.423308648	 0.189930451	         0.000000000	         0.002110887	         0.002110887
 20581	     -420000	 0.076046534	25.417401988	116.810454550	160.890560852	 0.196129304	         0.000000000	         0.002631211	         0.002631211
 20582	     -419000	 0.074886169	25.647626042	124.541382536	161.249627627	 0.202507171	         0.000000000	         0.003038875	         0.003038875
 20583	     -418000	 0.073764864	25.877504820	132.342403219	161.612100972	 0.209082403	         0.000000000	         0.003429866	         0.003429866
 20584	     -417000	 0.072698089	26.106626624	140.330293506	161.989368517	 0.215848415	         0.000000000	         0.003802668	         0.003802668
 20585	     -416000	 0.071481174	26.334548067	148.230073918	162.392403618	 0.222796202	         0.000000000	         0.004151989	         0.004151989
 20586	     -415000	 0.070438602	26.560782398	156.299431877	162.811635215	 0.229913703	         0.000000000	         0.004462174	         0.004462174
 20587	     -414000	 0.069487040	26.784373933	164.407454804	163.248324903	 0.237171440	         0.000000000	         0.004723519	         0.004723519
 20588	     -413000	 0.068557237	27.005600883	172.584617908	163.695040791	 0.244577884	         0.000000000	         0.004917569	         0.004917569
 20589	     -412000	 0.067751789	27.223425841	-179.159080626	164.165406518	 0.252096379	         0.000000000	         0.005069320	         0.005069320
 20590	     -411000	 0.067111113	27.436839030	-170.906675002	164.620105927	 0.259686700	         0.000000000	         0.005133317	         0.005133317
 20591	     -410000	 0.066482115	27.646315655	-162.509726288	165.048570538	 0.267359222	         0.000000000	         0.005089807	         0.005089807
 20592	     -409000	 0.065904691	27.850601462	-154.211828413	165.560033466	 0.275059897	         0.000000000	         0.005122437	         0.005122437
 20593	     -408000	 0.065517944	28.049456228	-145.949687243	166.069657254	 0.282766136	         0.000000000	         0.005134636	         0.005134636
 20594	     -407000	 0.065332851	28.243228828	-137.516629651	166.584022252	 0.290421685	         0.000000000	         0.005129647	         0.005129647
 20595	     -406000	 0.064967014	28.430711575	-129.093539419	167.082101767	 0.297943105	         0.000000000	         0.005127644	         0.005127644
 20596	     -405000	 0.064812231	28.612340545	-120.827735272	167.558969297	 0.305335758	         0.000000000	         0.005146614	         0.005146614
 20597	     -404000	 0.064847606	28.788137444	-112.516470610	168.020233143	 0.312589263	         0.000000000	         0.005192819	         0.005192819
 20598	     -403000	 0.064893803	28.957411961	-104.127488074	168.453462662	 0.319663801	         0.000000000	         0.005278465	         0.005278465
 20599	     -402000	 0.065050817	29.120604728	-95.852665171	168.850440641	 0.326566776	         0.000000000	         0.005419545	         0.005419545
 20600	     -401000	 0.065326528	29.277183504	-87.650634931	169.208775360	 0.333265153	         0.000000000	         0.005624368	         0.005624368
 20601	     -400000	 0.065761510	29.427107531	-79.415707434	169.531655373	 0.339746826	         0.000000000	         0.005905124	         0.005905124
 20602	     -399000	 0.066134286	29.570418567	-71.395309280	169.802712814	 0.346003844	         0.000000000	         0.006279212	         0.006279212
 20603	     -398000	 0.066677957	29.705890532	-63.372382483	170.031449021	 0.351972807	         0.000000000	         0.006746794	         0.006746794
 20604	     -397000	 0.067321109	29.833968797	-55.517321169	170.280148313	 0.357663698	         0.000000000	         0.007418066	         0.007418066
 20605	     -396000	 0.067841888	29.954156486	-47.623770726	170.415941630	 0.363045503	         0.000000000	         0.008138737	         0.008138737
 20606	     -395000	 0.068446604	30.064871194	-39.894880808	170.498794731	 0.368038153	         0.000000000	         0.008969476	         0.008969476
 20607	     -394000	 0.069056594	30.166494758	-32.261133437	170.540068243	 0.372649969	         0.000000000	         0.009935192	         0.009935192
 20608	     -393000	 0.069830315	30.258005064	-24.580012009	170.538298489	 0.376826353	         0.000000000	         0.011045324	         0.011045324
 20609	     -392000	 0.070364828	30.338292323	-16.949489692	170.488200122	 0.380508648	         0.000000000	         0.012302277	         0.012302277
 20610	     -391000	 0.071069537	30.407452813	-9.422837673	170.413611208	 0.383694033	         0.000000000	         0.013701618	         0.013701618
 20611	     -390000	 0.071974637	30.464168161	-1.989558957	170.308577141	 0.386315382	         0.000000000	         0.015222824	         0.015222824
 20612	     -389000	 0.072694139	30.508252531	 5.597531740	170.174582198	 0.388358586	         0.000000000	         0.016928157	         0.016928157
 20613	     -388000	 0.073599872	30.539450689	12.910982524	170.021456845	 0.389807511	         0.000000000	         0.018690819	         0.018690819
 20614	     -387000	 0.074543853	30.556607757	20.224631820	169.841921453	 0.390605372	         0.000000000	         0.020520109	         0.020520109
 20615	     -386000	 0.075566540	30.560587332	27.486301600	169.648389257	 0.390790541	         0.000000000	         0.022413109	         0.022413109
 20616	     -385000	 0.076485975	30.550826221	34.596577097	169.437056737	 0.390336429	         0.000000000	         0.024235840	         0.024235840
 20617	     -384000	 0.077541059	30.526875215	41.661964832	169.211133814	 0.389223178	         0.000000000	         0.026001543	         0.026001543
 20618	     -383000	 0.078573765	30.489771046	48.661430888	168.977949491	 0.387501415	         0.000000000	         0.027635279	         0.027635279
 20619	     -382000	 0.079500041	30.438760556	55.635630547	168.736548725	 0.385140042	         0.000000000	         0.029056061	         0.029056061
 20620	     -381000	 0.080402545	30.374413693	62.482195433	168.491514246	 0.382170782	         0.000000000	         0.030182628	         0.030182628
 20621	     -380000	 0.081375338	30.297212191	69.296712439	168.240348711	 0.378622448	         0.000000000	         0.031011079	         0.031011079
 20622	     -379000	 0.082284373	30.206346938	76.185991488	167.983874703	 0.374466038	         0.000000000	         0.031467347	         0.031467347
 20623	     -378000	 0.083049984	30.103098249	82.990154027	167.724532686	 0.369769700	         0.000000000	         0.031476338	         0.031476338
 20624	     -377000	 0.083857725	29.987064110	89.737708666	167.456490992	 0.364525979	         0.000000000	         0.031005899	         0.031005899
 20625	     -376000	 0.084810534	29.857578588	96.491010331	167.132755857	 0.358717753	         0.000000000	         0.029756689	         0.029756689
 20626	     -375000	 0.085547898	29.716190947	103.293678277	166.875648090	 0.352428780	         0.000000000	         0.028501503	         0.028501503
 20627	     -374000	 0.086310245	29.561732534	109.980901135	166.693495462	 0.345622921	         0.000000000	         0.027326972	         0.027326972
 20628	     -373000	 0.087220885	29.394130740	116.615450043	166.433336514	 0.338315484	         0.000000000	         0.025419852	         0.025419852
 20629	     -372000	 0.087896304	29.214470266	123.340123235	166.176434498	 0.330573537	         0.000000000	         0.023234075	         0.023234075
 20630	     -371000	 0.088614506	29.021319542	129.933008314	165.920371191	 0.322357462	         0.000000000	         0.020952316	         0.020952316
 20631	     -370000	 0.089361930	28.815628023	136.537886158	165.659383352	 0.313732200	         0.000000000	         0.018612368	         0.018612368
 20632	     -369000	 0.090081311	28.597684364	143.171191562	165.399869385	 0.304735380	         0.000000000	         0.016300443	         0.016300443
 20633	     -368000	 0.090634649	28.366654751	149.716933363	165.127184872	 0.295360704	         0.000000000	         0.014008286	         0.014008286
 20634	     -367000	 0.091311248	28.124317198	156.301421281	164.853293867	 0.285709411	         0.000000000	         0.011876356	         0.011876356
 20635	     -366000	 0.092003515	27.870318059	162.767453622	164.573904236	 0.275814762	         0.000000000	         0.009927747	         0.009927747
 20636	     -365000	 0.092570801	27.604992693	169.371806482	164.291365090	 0.265827942	         0.000000000	         0.008138628	         0.008138628
 20637	     -364000	 0.093119552	27.330446081	175.827157039	163.992484758	 0.255874550	         0.000000000	         0.006564381	         0.006564381
 20638	     -363000	 0.093640067	27.046354091	-177.781266293	163.678336138	 0.245967275	         0.000000000	         0.005196871	         0.005196871
 20639	     -362000	 0.094269015	26.754330361	-171.315876311	163.369605519	 0.236183064	         0.000000000	         0.004044632	         0.004044632
 20640	     -361000	 0.094618814	26.456094150	-164.938958484	163.002286992	 0.226592300	         0.000000000	         0.003031967	         0.003031967
 20641	     -360000	 0.094987851	26.151951376	-158.573095958	162.572697952	 0.217212583	         0.000000000	         0.002174020	         0.002174020
 20642	     -359000	 0.095369622	25.844145517	-152.287201787	162.203137436	 0.208115144	         0.000000000	         0.001542404	         0.001542404
 20643	     -358000	 0.095473227	25.533561207	-145.888910310	161.810525998	 0.199321737	         0.000000000	         0.001034443	         0.001034443
 20644	     -357000	 0.095574329	25.221545497	-139.631422876	161.397948372	 0.190861895	         0.000000000	         0.000644046	         0.000644046
 20645	     -356000	 0.095678737	24.909951733	-133.296845744	160.966578581	 0.182771835	         0.000000000	         0.000347043	         0.000347043
 20646	     -355000	 0.095681203	24.598901010	-126.900619621	160.505400126	 0.175037900	         0.000000000	         0.000129556	         0.000129556
 20647	     -354000	 0.095478796	24.290557143	-120.577278446	160.015714892	 0.167694307	         0.000000000	         0.000014736	         0.000014736
 20648	     -353000	 0.095458718	23.985774359	-114.221628093	159.495662032	 0.160738354	         0.000000000	         0.000001783	         0.000001783
 20649	     -352000	 0.095398327	23.684513463	-107.865729250	158.945635648	 0.154146377	         0.000000000	         0.000000017	         0.000000017
 20650	     -351000	 0.095240376	23.389076636	-101.504116105	158.370479651	 0.147944460	         0.000000000	         0.000000000	         0.000000000
 20651	     -350000	 0.095096122	23.099399909	-95.173340010	157.750399371	 0.142105802	         0.000000000	         0.000000000	         0.000000000
 20652	     -349000	 0.094999252	22.816321285	-88.960469101	157.076227217	 0.136622813	         0.000000000	         0.000000000	         0.000000000
 20653	     -348000	 0.094841717	22.541726797	-82.657752735	156.362965925	 0.131506372	         0.000000000	         0.000000000	         0.000000000
 20654	     -347000	 0.094512503	22.274971487	-76.439575247	155.577791130	 0.126719542	         0.000000000	         0.000000000	         0.000000000
 20655	     -346000	 0.094194371	22.018276072	-70.308865275	154.711434283	 0.122277818	         0.000000000	         0.000000000	         0.000000000
 20656	     -345000	 0.093922140	21.772953009	-64.118712122	153.687487370	 0.118178447	         0.000000000	         0.000000000	         0.000000000
 20657	     -344000	 0.093300355	21.538672378	-57.930101235	152.300733174	 0.114391953	         0.000000000	         0.000000000	         0.000000000
 20658	     -343000	 0.092740138	21.318387692	-51.778747605	149.223496168	 0.110942402	         0.000000000	         0.000000000	         0.000000000
 20659	     -342000	 0.092169739	21.112794739	-45.610535095	149.223187607	 0.107816828	         0.000000000	         0.000000000	         0.000000000
 20660	     -341000	 0.091377557	20.922768657	-39.328442599	149.223844155	 0.105006276	         0.000000000	         0.000000000	         0.000000000
 20661	     -340000	 0.090607702	20.750964575	-33.105355782	149.225298768	 0.102528351	         0.000000000	         0.000000000	         0.000000000
 20662	     -339000	 0.089785060	20.597291952	-26.824862298	149.227596853	 0.100361519	         0.000000000	         0.000000000	         0.000000000
 20663	     -338000	 0.089049690	20.463408482	-20.398322624	149.230669631	 0.098511083	         0.000000000	         0.000000000	         0.000000000
 20664	     -337000	 0.088048229	20.351022249	-14.044232772	149.234610460	 0.096984131	         0.000000000	         0.000000000	         0.000000000
 20665	     -336000	 0.087204422	20.259465468	-7.571065312	149.239185494	 0.095757694	         0.000000000	         0.000000000	         0.000000000
 20666	     -335000	 0.086352283	20.189926936	-1.136674931	149.244328372	 0.094836573	         0.000000000	         0.000000000	         0.000000000
 20667	     -334000	 0.085383380	20.142635458	 5.477337224	149.250163308	 0.094215208	         0.000000000	         0.000000000	         0.000000000
 20668	     -333000	 0.084411295	20.117211449	12.081443414	149.256380516	 0.093882845	         0.000000000	         0.000000000	         0.000000000
 20669	     -332000	 0.083401064	20.113433214	18.708944067	149.262899298	 0.093833553	         0.000000000	         0.000000000	         0.000000000
 20670	     -331000	 0.082572941	20.130037738	25.472619980	149.269661429	 0.094050373	         0.000000000	         0.000000000	         0.000000000
 20671	     -330000	 0.081443003	20.167200157	32.335478137	149.276606286	 0.094537455	         0.000000000	         0.000000000	         0.000000000
 20672	     -329000	 0.080500513	20.223389509	39.240100701	149.283469060	 0.095278713	         0.000000000	         0.000000000	         0.000000000
 20673	     -328000	 0.079634605	20.296732395	46.215668489	149.290194533	 0.096255016	         0.000000000	         0.000000000	         0.000000000
 20674	     -327000	 0.078577853	20.387222098	53.398058906	149.296758640	 0.097473364	         0.000000000	         0.000000000	         0.000000000
 20675	     -326000	 0.077702044	20.492955878	60.513165202	149.302836493	 0.098916509	         0.000000000	         0.000000000	         0.000000000
 20676	     -325000	 0.076874934	20.612533407	67.807439301	149.308538912	 0.100574367	         0.000000000	         0.000000000	         0.000000000
 20677	     -324000	 0.076026922	20.745428963	75.252809962	149.313707723	 0.102449491	         0.000000000	         0.000000000	         0.000000000
 20678	     -323000	 0.075078032	20.889668314	82.739643953	149.318130600	 0.104524258	         0.000000000	         0.000000000	         0.000000000
 20679	     -322000	 0.074308601	21.044950268	90.312211677	149.321902779	 0.106804853	         0.000000000	         0.000000000	         0.000000000
 20680	     -321000	 0.073626079	21.210308968	98.027457036	149.324970728	 0.109288178	         0.000000000	         0.000000000	         0.000000000
 20681	     -320000	 0.072921001	21.384036563	105.993114824	149.327257908	 0.111959406	         0.000000000	         0.000000000	         0.000000000
 20682	     -319000	 0.072286571	21.566437244	113.968884955	149.328708258	 0.114834281	         0.000000000	         0.000000000	         0.000000000
 20683	     -318000	 0.071782063	21.755805647	122.015917729	151.404346244	 0.117897106	         0.000000000	         0.000000000	         0.000000000
 20684	     -317000	 0.071469228	21.951345971	130.242333881	152.454547980	 0.121145508	         0.000000000	         0.000000000	         0.000000000
 20685	     -316000	 0.071218657	22.152891551	138.541792199	153.196498552	 0.124587366	         0.000000000	         0.000000000	         0.000000000
 20686	     -315000	 0.071131593	22.358069468	146.863863896	153.887823294	 0.128191717	         0.000000000	         0.000000025	         0.000000025
 20687	     -314000	 0.071302845	22.566777481	155.194778428	154.513570857	 0.131965081	         0.000000000	         0.000001011	         0.000001011
 20688	     -313000	 0.071340423	22.778135986	163.633579606	155.128233939	 0.135899573	         0.000000000	         0.000003359	         0.000003359
 20689	     -312000	 0.071574712	22.989331129	171.928930362	155.730812486	 0.139948193	         0.000000000	         0.000006902	         0.000006902
 20690	     -311000	 0.072007583	23.200444603	-179.819118955	156.308471687	 0.144115791	         0.000000000	         0.000011796	         0.000011796
 20691	     -310000	 0.072435633	23.410285427	-171.337237843	156.896574374	 0.148381247	         0.000000000	         0.000018492	         0.000018492
 20692	     -309000	 0.072815138	23.616440169	-163.052700210	157.496626659	 0.152694694	         0.000000000	         0.000028014	         0.000028014
 20693	     -308000	 0.073357752	23.818722798	-154.748857363	158.093198139	 0.157048983	         0.000000000	         0.000040773	         0.000040773
 20694	     -307000	 0.074042058	24.015747619	-146.486384403	158.697286417	 0.161409433	         0.000000000	         0.000056835	         0.000056835
 20695	     -306000	 0.074696154	24.206766854	-138.105292044	159.290416115	 0.165752526	         0.000000000	         0.000071646	         0.000071646
 20696	     -305000	 0.075557625	24.391201100	-129.823929953	159.883080026	 0.170056755	         0.000000000	         0.000085360	         0.000085360
 20697	     -304000	 0.076377067	24.567896569	-121.626986070	160.460417321	 0.174285176	         0.000000000	         0.000096656	         0.000096656
 20698	     -303000	 0.077451680	24.737473639	-113.380141953	161.027820128	 0.178442089	         0.000000000	         0.000105399	         0.000105399
 20699	     -302000	 0.078480766	24.899335336	-105.303738132	161.568406521	 0.182502321	         0.000000000	         0.000114942	         0.000114942
 20700	     -301000	 0.079630201	25.052921120	-97.282718187	162.080017392	 0.186440344	         0.000000000	         0.000126720	         0.000126720
 20701	     -300000	 0.080903243	25.199214132	-89.348119639	162.560443883	 0.190270367	         0.000000000	         0.000148247	         0.000148247
 20702	     -299000	 0.081999178	25.337839010	-81.409543892	162.998192004	 0.193972210	         0.000000000	         0.000183461	         0.000183461
 20703	     -298000	 0.083175234	25.468650731	-73.690182950	163.385351049	 0.197531434	         0.000000000	         0.000232351	         0.000232351
 20704	     -297000	 0.084359125	25.592347749	-66.029577308	163.727516184	 0.200957133	         0.000000000	         0.000299112	         0.000299112
 20705	     -296000	 0.085667785	25.708550321	-58.264456530	164.022852139	 0.204229380	         0.000000000	         0.000386409	         0.000386409
 20706	     -295000	 0.086664229	25.817485501	-50.699569976	164.246675768	 0.207345351	         0.000000000	         0.000496015	         0.000496015
 20707	     -294000	 0.087846039	25.919110591	-43.181819527	164.425607536	 0.210295072	         0.000000000	         0.000631347	         0.000631347
 20708	     -293000	 0.089044832	26.013157496	-35.710862504	164.657624244	 0.213062206	         0.000000000	         0.000836387	         0.000836387
 20709	     -292000	 0.090119097	26.100038179	-28.243035392	164.628045100	 0.215650833	         0.000000000	         0.000993139	         0.000993139
 20710	     -291000	 0.091281225	26.179124500	-20.941232881	164.759156499	 0.218034560	         0.000000000	         0.001273919	         0.001273919
 20711	     -290000	 0.092364043	26.250520815	-13.661842040	164.646099619	 0.220209127	         0.000000000	         0.001484169	         0.001484169
 20712	     -289000	 0.093427792	26.314615124	-6.410964304	164.594864640	 0.222179759	         0.000000000	         0.001784190	         0.001784190
 20713	     -288000	 0.094440530	26.370908672	 0.704580500	164.525985243	 0.223925092	         0.000000000	         0.002128197	         0.002128197
 20714	     -287000	 0.095354683	26.419936858	 7.739381168	164.521059713	 0.225456335	         0.000000000	         0.002592628	         0.002592628
 20715	     -286000	 0.096341535	26.462101023	14.778502088	164.311632854	 0.226781573	         0.000000000	         0.002915895	         0.002915895
 20716	     -285000	 0.097090557	26.497298816	21.797651190	164.168665917	 0.227893819	         0.000000000	         0.003345739	         0.003345739
 20717	     -284000	 0.097818075	26.526481003	28.676732487	164.116046054	 0.228820108	         0.000000000	         0.003927175	         0.003927175
 20718	     -283000	 0.098556954	26.549898790	35.504944491	163.959346450	 0.229566147	         0.000000000	         0.004406337	         0.004406337
 20719	     -282000	 0.099219108	26.567924135	42.440036648	163.796950776	 0.230142052	         0.000000000	         0.004905478	         0.004905478
 20720	     -281000	 0.099755963	26.581636015	49.212976555	163.637605437	 0.230581109	         0.000000000	         0.005393247	         0.005393247
 20721	     -280000	 0.100294624	26.591081442	55.921878912	163.475763032	 0.230884041	         0.000000000	         0.005857754	         0.005857754
 20722	     -279000	 0.100914162	26.596933314	62.698414615	163.316178409	 0.231071921	         0.000000000	         0.006314818	         0.006314818
 20723	     -278000	 0.101266408	26.599884661	69.343949588	163.164247711	 0.231166735	         0.000000000	         0.006713200	         0.006713200
 20724	     -277000	 0.101672351	26.599985363	75.957946959	163.021692639	 0.231169971	         0.000000000	         0.007075828	         0.007075828
 20725	     -276000	 0.102092817	26.597920752	82.496887004	162.891050113	 0.231103639	         0.000000000	         0.007385685	         0.007385685
 20726	     -275000	 0.102279340	26.593967959	89.067544626	162.767545027	 0.230976697	         0.000000000	         0.007615234	         0.007615234
 20727	     -274000	 0.102499611	26.588266270	95.512695399	162.662823580	 0.230793712	         0.000000000	         0.007781805	         0.007781805
 20728	     -273000	 0.102528135	26.581350400	101.965558904	162.459693086	 0.230571955	         0.000000000	         0.007563853	         0.007563853
 20729	     -272000	 0.102638078	26.573195321	108.422531329	162.372427255	 0.230310737	         0.000000000	         0.007537858	         0.007537858
 20730	     -271000	 0.102473106	26.564087181	114.838346049	162.403833839	 0.230019341	         0.000000000	         0.007681390	         0.007681390
 20731	     -270000	 0.102354550	26.554255164	121.253168846	162.347605110	 0.229705200	         0.000000000	         0.007477244	         0.007477244
 20732	     -269000	 0.102296248	26.543607091	127.609299467	162.304505429	 0.229365469	         0.000000000	         0.007221616	         0.007221616
 20733	     -268000	 0.102037441	26.532518769	134.094495346	162.284510994	 0.229012225	         0.000000000	         0.006908558	         0.006908558
 20734	     -267000	 0.101773466	26.520840546	140.399582108	162.271644493	 0.228640778	         0.000000000	         0.006546661	         0.006546661
 20735	     -266000	 0.101483838	26.508664689	146.712390923	162.277838694	 0.228254143	         0.000000000	         0.006159923	         0.006159923
 20736	     -265000	 0.101260566	26.496190185	153.120811776	162.306575341	 0.227858703	         0.000000000	         0.005756466	         0.005756466
 20737	     -264000	 0.100774896	26.483131370	159.399299417	162.355554612	 0.227445475	         0.000000000	         0.005336388	         0.005336388
 20738	     -263000	 0.100357253	26.469649072	165.672694153	162.416296761	 0.227019632	         0.000000000	         0.004902562	         0.004902562
 20739	     -262000	 0.099913047	26.455669016	171.973360935	162.495812119	 0.226578910	         0.000000000	         0.004472181	         0.004472181
 20740	     -261000	 0.099306396	26.440969158	178.286988099	162.581497254	 0.226116418	         0.000000000	         0.004031691	         0.004031691
 20741	     -260000	 0.098684159	26.425632013	-175.482433393	162.682823510	 0.225634883	         0.000000000	         0.003617147	         0.003617147
 20742	     -259000	 0.098000006	26.409433762	-169.185655810	162.799564004	 0.225127424	         0.000000000	         0.003215404	         0.003215404
 20743	     -258000	 0.097239175	26.392335359	-162.822195829	162.857037539	 0.224593004	         0.000000000	         0.002771189	         0.002771189
 20744	     -257000	 0.096463176	26.374245346	-156.512997135	163.011591985	 0.224028972	         0.000000000	         0.002443000	         0.002443000
 20745	     -256000	 0.095611291	26.354847716	-150.189586488	163.176226570	 0.223425743	         0.000000000	         0.002143674	         0.002143674
 20746	     -255000	 0.094905072	26.334264963	-143.802229612	163.344386029	 0.222787435	         0.000000000	         0.001868845	         0.001868845
 20747	     -254000	 0.093973777	26.312121915	-137.376640101	163.515015204	 0.222102775	         0.000000000	         0.001622361	         0.001622361
 20748	     -253000	 0.093064129	26.288292216	-131.032088052	163.674559551	 0.221368315	         0.000000000	         0.001404664	         0.001404664
 20749	     -252000	 0.092270861	26.262756341	-124.693317508	163.836374317	 0.220583964	         0.000000000	         0.001217023	         0.001217023
 20750	     -251000	 0.091319608	26.234987488	-118.200660637	163.982946095	 0.219734179	         0.000000000	         0.001049906	         0.001049906
 20751	     -250000	 0.090287261	26.205101319	-111.797498010	164.113123970	 0.218823258	         0.000000000	         0.000911188	         0.000911188
 20752	     -249000	 0.089277888	26.172698150	-105.413547627	164.220056281	 0.217839885	         0.000000000	         0.000794568	         0.000794568
 20753	     -248000	 0.088256798	26.137283786	-98.874069580	164.314403777	 0.216770182	         0.000000000	         0.000698950	         0.000698950
 20754	     -247000	 0.087061563	26.099049544	-92.388261084	164.366185185	 0.215621200	         0.000000000	         0.000623444	         0.000623444
 20755	     -246000	 0.085937024	26.057439325	-85.807785548	164.396335286	 0.214377686	         0.000000000	         0.000565693	         0.000565693
 20756	     -245000	 0.084837261	26.012087405	-79.205416717	164.397617915	 0.213030517	         0.000000000	         0.000525625	         0.000525625
 20757	     -244000	 0.083570284	25.963060743	-72.432099440	164.358342909	 0.211583712	         0.000000000	         0.000505018	         0.000505018
 20758	     -243000	 0.082473098	25.909767900	-65.770256756	164.290063874	 0.210022153	         0.000000000	         0.000497562	         0.000497562
 20759	     -242000	 0.081257461	25.852258478	-59.000409889	164.179187528	 0.208349969	         0.000000000	         0.000500388	         0.000500388
 20760	     -241000	 0.080212915	25.790305687	-52.102418923	164.039875280	 0.206563479	         0.000000000	         0.000511085	         0.000511085
 20761	     -240000	 0.078985752	25.723396119	-45.225849260	163.868039349	 0.204651256	         0.000000000	         0.000529615	         0.000529615
 20762	     -239000	 0.077809760	25.652017403	-38.305855899	163.669610386	 0.202630819	         0.000000000	         0.000552984	         0.000552984
 20763	     -238000	 0.076746489	25.575793674	-31.354512297	163.437025892	 0.200495259	         0.000000000	         0.000574417	         0.000574417
 20764	     -237000	 0.075574847	25.494512236	-24.181605469	163.176461902	 0.198242788	         0.000000000	         0.000598981	         0.000598981
 20765	     -236000	 0.074357476	25.408542225	-17.128978698	162.894647853	 0.195887918	         0.000000000	         0.000619378	         0.000619378
 20766	     -235000	 0.073234805	25.317848233	-9.946566947	162.602963952	 0.193433964	         0.000000000	         0.000640326	         0.000640326
 20767	     -234000	 0.072168182	25.222592556	-2.545388764	162.289907463	 0.190889675	         0.000000000	         0.000656902	         0.000656902
 20768	     -233000	 0.070952499	25.122773472	 4.818408780	161.971828132	 0.188259399	         0.000000000	         0.000669445	         0.000669445
 20769	     -232000	 0.069936016	25.018740658	12.301997103	161.638490610	 0.185556651	         0.000000000	         0.000673399	         0.000673399
 20770	     -231000	 0.068973301	24.911019289	19.959323455	161.296803323	 0.182798958	         0.000000000	         0.000670257	         0.000670257
 20771	     -230000	 0.067997009	24.799561091	27.664641583	160.953468564	 0.179988736	         0.000000000	         0.000657482	         0.000657482
 20772	     -229000	 0.067151105	24.684901400	35.390531236	160.601475794	 0.177142868	         0.000000000	         0.000631776	         0.000631776
 20773	     -228000	 0.066404574	24.567622096	43.214197110	160.254212788	 0.174278527	         0.000000000	         0.000599173	         0.000599173
 20774	     -227000	 0.065653857	24.447706677	51.243808581	159.900413379	 0.171397686	         0.000000000	         0.000556869	         0.000556869
 20775	     -226000	 0.064951709	24.325966181	59.206724666	159.543540900	 0.168521709	         0.000000000	         0.000502934	         0.000502934
 20776	     -225000	 0.064316222	24.202554775	67.232864090	159.190327941	 0.165655510	         0.000000000	         0.000444104	         0.000444104
 20777	     -224000	 0.063895073	24.077650183	75.403386954	158.839360170	 0.162804266	         0.000000000	         0.000382521	         0.000382521
 20778	     -223000	 0.063424803	23.952189204	83.740377449	158.487975217	 0.159989722	         0.000000000	         0.000318696	         0.000318696
 20779	     -222000	 0.063026532	23.826103948	92.021320640	158.137058109	 0.157210194	         0.000000000	         0.000253670	         0.000253670
 20780	     -221000	 0.062815824	23.699807263	100.345313738	157.794686167	 0.154474416	         0.000000000	         0.000194781	         0.000194781
 20781	     -220000	 0.062794824	23.573951502	108.899672022	157.443171273	 0.151795548	         0.000000000	         0.000140396	         0.000140396
 20782	     -219000	 0.062824091	23.448913282	117.361595541	157.088028790	 0.149180089	         0.000000000	         0.000093622	         0.000093622
 20783	     -218000	 0.063038376	23.325311978	125.783973139	156.735372996	 0.146638979	         0.000000000	         0.000056428	         0.000056428
 20784	     -217000	 0.063548061	23.203501937	134.368671742	156.390703252	 0.144177049	         0.000000000	         0.000029115	         0.000029115
 20785	     -216000	 0.063922666	23.084272426	142.734028062	156.048253493	 0.141807307	         0.000000000	         0.000013379	         0.000013379
 20786	     -215000	 0.064617805	22.968865474	151.067261629	155.720867838	 0.139550645	         0.000000000	         0.000006872	         0.000006872
 20787	     -214000	 0.065394522	22.857430117	159.352650667	155.401251610	 0.137405728	         0.000000000	         0.000003766	         0.000003766
 20788	     -213000	 0.066235999	22.750743597	167.744935617	155.090686426	 0.135383114	         0.000000000	         0.000001798	         0.000001798
 20789	     -212000	 0.067152140	22.650412830	175.864595794	154.798194614	 0.133508168	         0.000000000	         0.000000599	         0.000000599
 20790	     -211000	 0.068139249	22.556723721	-175.963985569	154.512433112	 0.131780792	         0.000000000	         0.000000024	         0.000000024
 20791	     -210000	 0.069443814	22.470342526	-167.940219215	154.278970666	 0.130207963	         0.000000000	         0.000000000	         0.000000000
 20792	     -209000	 0.070617138	22.392214097	-159.815565426	154.097328060	 0.128801575	         0.000000000	         0.000000000	         0.000000000
 20793	     -208000	 0.071985370	22.322864136	-151.888184450	153.931323047	 0.127565938	         0.000000000	         0.000000000	         0.000000000
 20794	     -207000	 0.073458104	22.262747901	-144.068381244	153.810877778	 0.126504419	         0.000000000	         0.000000000	         0.000000000
 20795	     -206000	 0.075120855	22.212035729	-136.251320771	153.745235235	 0.125615826	         0.000000000	         0.000000000	         0.000000000
 20796	     -205000	 0.076737766	22.170958981	-128.643093562	153.726651857	 0.124900645	         0.000000000	         0.000000000	         0.000000000
 20797	     -204000	 0.078482218	22.139849133	-121.130412554	153.750012065	 0.124361707	         0.000000000	         0.000000000	         0.000000000
 20798	     -203000	 0.080369184	22.118414728	-113.637767311	153.841543776	 0.123991737	         0.000000000	         0.000000000	         0.000000000
 20799	     -202000	 0.082010663	22.106386947	-106.283407002	153.980147612	 0.123784613	         0.000000000	         0.000000000	         0.000000000
 20800	     -201000	 0.083790603	22.103921105	-99.101902423	154.177915158	 0.123742193	         0.000000000	         0.000000000	         0.000000000
 20801	     -200000	 0.085686492	22.110667977	-91.904583528	154.407613175	 0.123858295	         0.000000000	         0.000000000	         0.000000000
 20802	     -199000	 0.087488192	22.126492948	-84.673451494	154.686303493	 0.124131042	         0.000000000	         0.000000000	         0.000000000
 20803	     -198000	 0.089182195	22.151081704	-77.634370465	154.977635044	 0.124556028	         0.000000000	         0.000000000	         0.000000000
 20804	     -197000	 0.090949752	22.184204048	-70.570546328	155.294363377	 0.125130806	         0.000000000	         0.000000000	         0.000000000
 20805	     -196000	 0.092820032	22.225967428	-63.566359241	155.613519471	 0.125859317	         0.000000000	         0.000000000	         0.000000000
 20806	     -195000	 0.094580526	22.275899917	-56.587194676	155.934953561	 0.126735897	         0.000000000	         0.000000000	         0.000000000
 20807	     -194000	 0.096340585	22.333865163	-49.627717610	156.249389281	 0.127761154	         0.000000000	         0.000000000	         0.000000000
 20808	     -193000	 0.098168556	22.399929310	-42.788044175	156.551813630	 0.128939777	         0.000000000	         0.000000000	         0.000000000
 20809	     -192000	 0.099890725	22.473573327	-35.889283201	156.829186814	 0.130266450	         0.000000000	         0.000000000	         0.000000000
 20810	     -191000	 0.101491539	22.554538609	-29.109355819	157.080239089	 0.131740772	         0.000000000	         0.000000000	         0.000000000
 20811	     -190000	 0.103119931	22.642429967	-22.371864886	157.316142067	 0.133360107	         0.000000000	         0.000000000	         0.000000000
 20812	     -189000	 0.104762165	22.736553467	-15.542574495	157.537887471	 0.135116343	         0.000000000	         0.000000000	         0.000000000
 20813	     -188000	 0.106077970	22.836500981	-8.811766849	157.723657969	 0.137006575	         0.000000000	         0.000000000	         0.000000000
 20814	     -187000	 0.107434669	22.941096784	-2.088670295	157.901465529	 0.139013039	         0.000000000	         0.000000000	         0.000000000
 20815	     -186000	 0.108857953	23.049636574	 4.601140026	158.075219451	 0.141126233	         0.000000000	         0.000000000	         0.000000000
 20816	     -185000	 0.109993015	23.161433163	11.391258749	158.208330212	 0.143336425	         0.000000000	         0.000000000	         0.000000000
 20817	     -184000	 0.111154276	23.274779793	18.075142745	158.337372077	 0.145612600	         0.000000000	         0.000000000	         0.000000000
 20818	     -183000	 0.112174784	23.389163525	24.767088913	158.438331965	 0.147946247	         0.000000000	         0.000000000	         0.000000000
 20819	     -182000	 0.113292991	23.503736141	31.529888471	158.538223883	 0.150321240	         0.000000000	         0.000027631	         0.000027631
 20820	     -181000	 0.114098547	23.616823358	38.170783280	158.618629642	 0.152702827	         0.000000000	         0.000099034	         0.000099034
 20821	     -180000	 0.114960379	23.728200033	44.897340348	158.685498805	 0.155085268	         0.000000000	         0.000217749	         0.000217749
 20822	     -179000	 0.115733283	23.837101090	51.534811325	158.749686879	 0.157450690	         0.000000000	         0.000360869	         0.000360869
 20823	     -178000	 0.116291999	23.942451895	58.238455679	158.799139030	 0.159773325	         0.000000000	         0.000521011	         0.000521011
 20824	     -177000	 0.116752823	24.044306989	64.896406369	158.851590826	 0.162051462	         0.000000000	         0.000700264	         0.000700264
 20825	     -176000	 0.117113408	24.141974794	71.546340623	158.887178931	 0.164266445	         0.000000000	         0.000886628	         0.000886628
 20826	     -175000	 0.117516548	24.235187222	78.283318756	158.930091722	 0.166408615	         0.000000000	         0.001092781	         0.001092781
 20827	     -174000	 0.117497825	24.323989648	84.966749026	159.076029849	 0.168475416	         0.000000000	         0.001380020	         0.001380020
 20828	     -173000	 0.117583481	24.407713955	91.663245088	159.107551281	 0.170447532	         0.000000000	         0.001585068	         0.001585068
 20829	     -172000	 0.117702337	24.486545874	98.375414067	159.145621714	 0.172325504	         0.000000000	         0.001786666	         0.001786666
 20830	     -171000	 0.117448939	24.560379233	105.125170560	159.177529103	 0.174103159	         0.000000000	         0.001952380	         0.001952380
 20831	     -170000	 0.117294616	24.628515563	111.794927404	159.085398034	 0.175759915	         0.000000000	         0.001957735	         0.001957735
 20832	     -169000	 0.117051204	24.691056478	118.488750371	159.127303690	 0.177294489	         0.000000000	         0.002047762	         0.002047762
 20833	     -168000	 0.116694469	24.747679595	125.220845564	159.306241738	 0.178695411	         0.000000000	         0.002245536	         0.002245536
 20834	     -167000	 0.116144314	24.797742697	131.875763886	159.252622462	 0.179943248	         0.000000000	         0.002138435	         0.002138435
 20835	     -166000	 0.115557965	24.841092169	138.527230329	159.412826962	 0.181030783	         0.000000000	         0.002222636	         0.002222636
 20836	     -165000	 0.114953875	24.877326778	145.204853870	159.481069412	 0.181944865	         0.000000000	         0.002164641	         0.002164641
 20837	     -164000	 0.114064495	24.906202684	151.887366120	159.551243666	 0.182676614	         0.000000000	         0.002060188	         0.002060188
 20838	     -163000	 0.113160022	24.927437228	158.570460530	159.633735110	 0.183216599	         0.000000000	         0.001932411	         0.001932411
 20839	     -162000	 0.112205950	24.940877468	165.212851485	159.718361461	 0.183559203	         0.000000000	         0.001777253	         0.001777253
 20840	     -161000	 0.111128841	24.946788821	171.954724633	159.820349883	 0.183710091	         0.000000000	         0.001607205	         0.001607205
 20841	     -160000	 0.109982723	24.945086042	178.648317645	159.917552668	 0.183666615	         0.000000000	         0.001421085	         0.001421085
 20842	     -159000	 0.108782538	24.936099830	-174.666274991	160.015568950	 0.183437343	         0.000000000	         0.001230090	         0.001230090
 20843	     -158000	 0.107715009	24.920407394	-167.903733872	160.116867211	 0.183037657	         0.000000000	         0.001038762	         0.001038762
 20844	     -157000	 0.106270321	24.898263706	-161.189282645	160.135800942	 0.182475138	         0.000000000	         0.000820742	         0.000820742
 20845	     -156000	 0.104922200	24.870426901	-154.498520536	160.267100317	 0.181770448	         0.000000000	         0.000666329	         0.000666329
 20846	     -155000	 0.103729263	24.837516634	-147.811480016	160.390421930	 0.180940834	         0.000000000	         0.000523153	         0.000523153
 20847	     -154000	 0.102168826	24.799988809	-141.049107898	160.518820161	 0.179999437	         0.000000000	         0.000393442	         0.000393442
 20848	     -153000	 0.100670931	24.758772243	-134.374251356	160.632698060	 0.178971150	         0.000000000	         0.000279346	         0.000279346
 20849	     -152000	 0.099050831	24.714288333	-127.673192223	160.744857683	 0.177867939	         0.000000000	         0.000181749	         0.000181749
 20850	     -151000	 0.097504847	24.666984470	-120.928289197	160.849691439	 0.176702251	         0.000000000	         0.000099575	         0.000099575
 20851	     -150000	 0.095713095	24.617669046	-114.195970824	160.931768608	 0.175495127	         0.000000000	         0.000034119	         0.000034119
 20852	     -149000	 0.094027396	24.566731161	-107.364459453	161.005272466	 0.174256946	         0.000000000	         0.000003732	         0.000003732
 20853	     -148000	 0.092350801	24.514663224	-100.601377313	161.047699600	 0.173000324	         0.000000000	         0.000000923	         0.000000923
 20854	     -147000	 0.090555507	24.461999598	-93.694027070	161.078476497	 0.171738543	         0.000000000	         0.000000070	         0.000000070
 20855	     -146000	 0.088844758	24.409155167	-86.883208268	161.079085515	 0.170481681	         0.000000000	         0.000000000	         0.000000000
 20856	     -145000	 0.087160066	24.356869149	-80.031519317	161.062245903	 0.169247153	         0.000000000	         0.000000000	         0.000000000
 20857	     -144000	 0.085545294	24.305603580	-73.072406637	161.020784224	 0.168045399	         0.000000000	         0.000000000	         0.000000000
 20858	     -143000	 0.083716342	24.255741123	-66.165386214	160.944460665	 0.166884723	         0.000000000	         0.000000000	         0.000000000
 20859	     -142000	 0.082025317	24.208367750	-59.274259003	160.854292705	 0.165789415	         0.000000000	         0.000000000	         0.000000000
 20860	     -141000	 0.080457978	24.164038814	-52.329228644	160.745526628	 0.164771007	         0.000000000	         0.000000000	         0.000000000
 20861	     -140000	 0.078696245	24.123134581	-45.216632012	160.618205694	 0.163836829	         0.000000000	         0.000000000	         0.000000000
 20862	     -139000	 0.076969496	24.086768000	-38.227399418	160.479306973	 0.163010731	         0.000000000	         0.000000000	         0.000000000
 20863	     -138000	 0.075366589	24.055487843	-31.109108763	160.335005724	 0.162303508	         0.000000000	         0.000000000	         0.000000000
 20864	     -137000	 0.073717305	24.029761119	-23.857142940	160.187985440	 0.161724145	         0.000000000	         0.000000000	         0.000000000
 20865	     -136000	 0.072128219	24.010365752	-16.608955727	160.044246543	 0.161288731	         0.000000000	         0.000000000	         0.000000000
 20866	     -135000	 0.070672647	23.997586095	-9.235159750	159.901795553	 0.161002476	         0.000000000	         0.000000000	         0.000000000
 20867	     -134000	 0.069340845	23.991884948	-1.796399738	159.776172520	 0.160874939	         0.000000000	         0.000002130	         0.000002130
 20868	     -133000	 0.067942036	23.993669277	 5.696256998	159.664889214	 0.160914844	         0.000000000	         0.000014302	         0.000014302
 20869	     -132000	 0.066729839	24.002764835	13.248810693	159.567467827	 0.161118415	         0.000000000	         0.000034777	         0.000034777
 20870	     -131000	 0.065701973	24.019470099	20.755278576	159.483143450	 0.161492972	         0.000000000	         0.000064986	         0.000064986
 20871	     -130000	 0.064694497	24.043863929	28.501796313	159.419016539	 0.162041482	         0.000000000	         0.000113599	         0.000113599
 20872	     -129000	 0.063656618	24.075520037	36.212048969	159.367981359	 0.162756068	         0.000000000	         0.000172698	         0.000172698
 20873	     -128000	 0.062814077	24.114552563	43.884172650	159.336624014	 0.163641504	         0.000000000	         0.000239017	         0.000239017
 20874	     -127000	 0.062190036	24.160709998	51.712946281	159.319996753	 0.164694784	         0.000000000	         0.000313011	         0.000313011
 20875	     -126000	 0.061444730	24.213616146	59.658084167	159.318705113	 0.165910407	         0.000000000	         0.000393248	         0.000393248
 20876	     -125000	 0.060905279	24.273210693	67.612219870	159.338928259	 0.167290457	         0.000000000	         0.000481681	         0.000481681
 20877	     -124000	 0.060605483	24.338983445	75.549732808	159.443764246	 0.168826908	         0.000000000	         0.000601513	         0.000601513
 20878	     -123000	 0.060322707	24.410708946	83.744650553	159.551008463	 0.170518505	         0.000000000	         0.000737050	         0.000737050
 20879	     -122000	 0.060240268	24.488082597	91.730660396	159.611677330	 0.172362318	         0.000000000	         0.000846376	         0.000846376
 20880	     -121000	 0.060310521	24.570445804	99.843564380	159.689921672	 0.174346944	         0.000000000	         0.000960800	         0.000960800
 20881	     -120000	 0.060615009	24.657823538	107.946702881	159.653610080	 0.176477387	         0.000000000	         0.001004265	         0.001004265
 20882	     -119000	 0.060830186	24.749662816	115.985485139	159.759312980	 0.178744678	         0.000000000	         0.001103174	         0.001103174
 20883	     -118000	 0.061370590	24.845188461	123.980184656	160.016191918	 0.181133889	         0.000000000	         0.001285579	         0.001285579
 20884	     -117000	 0.061949112	24.944408877	131.926993379	160.159113883	 0.183649328	         0.000000000	         0.001383740	         0.001383740
 20885	     -116000	 0.062656318	25.046557463	139.966530563	160.315850510	 0.186275501	         0.000000000	         0.001475404	         0.001475404
 20886	     -115000	 0.063344079	25.150981367	147.884613261	160.505297798	 0.188998993	         0.000000000	         0.001567686	         0.001567686
 20887	     -114000	 0.064212536	25.257231565	155.720333812	160.700950800	 0.191810991	         0.000000000	         0.001641598	         0.001641598
 20888	     -113000	 0.065340905	25.364427051	163.588820020	160.924047978	 0.194690407	         0.000000000	         0.001708414	         0.001708414
 20889	     -112000	 0.066309641	25.472179031	171.506143729	161.168149918	 0.197628334	         0.000000000	         0.001748149	         0.001748149
 20890	     -111000	 0.067510544	25.579401868	179.246661016	161.421427860	 0.200595840	         0.000000000	         0.001767500	         0.001767500
 20891	     -110000	 0.068855438	25.685201799	-173.098507467	161.707063437	 0.203567639	         0.000000000	         0.001777202	         0.001777202
 20892	     -109000	 0.070223869	25.789257696	-165.346901108	161.885966530	 0.206533391	         0.000000000	         0.001673434	         0.001673434
 20893	     -108000	 0.071659924	25.890183728	-157.827053040	162.206876597	 0.209451208	         0.000000000	         0.001640901	         0.001640901
 20894	     -107000	 0.073248299	25.987304624	-150.343952519	162.542651684	 0.212297931	         0.000000000	         0.001591001	         0.001591001
 20895	     -106000	 0.074795665	26.080124831	-142.820398658	162.892342698	 0.215054746	         0.000000000	         0.001523791	         0.001523791
 20896	     -105000	 0.076303131	26.167376330	-135.424019480	163.243989836	 0.217678802	         0.000000000	         0.001446208	         0.001446208
 20897	     -104000	 0.077944678	26.249028824	-128.132242408	163.592769586	 0.220163463	         0.000000000	         0.001360507	         0.001360507
 20898	     -103000	 0.079653700	26.324399442	-120.835778795	163.943129228	 0.222482134	         0.000000000	         0.001271797	         0.001271797
 20899	     -102000	 0.081245405	26.392558106	-113.497879067	164.287970724	 0.224599958	         0.000000000	         0.001184838	         0.001184838
 20900	     -101000	 0.082905851	26.454010751	-106.255601474	164.611835461	 0.226526690	         0.000000000	         0.001102974	         0.001102974
 20901	     -100000	 0.084561943	26.508018289	-99.117519156	164.919537014	 0.228233635	         0.000000000	         0.001034651	         0.001034651
 20902	      -99000	 0.086389596	26.554242789	-91.905895043	165.199707063	 0.229704805	         0.000000000	         0.000974145	         0.000974145
 20903	      -98000	 0.088081511	26.593184343	-84.744085779	165.447445017	 0.230951539	         0.000000000	         0.000934850	         0.000934850
 20904	      -97000	 0.089787700	26.624056541	-77.666208382	165.654927636	 0.231944736	         0.000000000	         0.000913696	         0.000913696
 20905	      -96000	 0.091655547	26.647071155	-70.662619373	165.819535580	 0.232687923	         0.000000000	         0.000911964	         0.000911964
 20906	      -95000	 0.093266542	26.662376195	-63.605205688	165.940953388	 0.233183470	         0.000000000	         0.000944775	         0.000944775
 20907	      -94000	 0.094958482	26.669034293	-56.669115065	166.003297719	 0.233399376	         0.000000000	         0.000996360	         0.000996360
 20908	      -93000	 0.096624922	26.667533742	-49.773580760	166.023597098	 0.233350699	         0.000000000	         0.001074239	         0.001074239
 20909	      -92000	 0.098202523	26.657526368	-42.752537474	166.079909742	 0.233026328	         0.000000000	         0.001220278	         0.001220278
 20910	      -91000	 0.099606850	26.638211146	-35.896984838	165.898554885	 0.232401535	         0.000000000	         0.001298398	         0.001298398
 20911	      -90000	 0.101130171	26.610110151	-28.990237958	165.757891782	 0.231495536	         0.000000000	         0.001436471	         0.001436471
 20912	      -89000	 0.102664151	26.572540978	-22.129805873	165.577475302	 0.230289791	         0.000000000	         0.001592543	         0.001592543
 20913	      -88000	 0.103938334	26.525369198	-15.179889311	165.438426227	 0.228784748	         0.000000000	         0.001829120	         0.001829120
 20914	      -87000	 0.105376627	26.469033618	-8.342102924	165.084883402	 0.227000212	         0.000000000	         0.001945296	         0.001945296
 20915	      -86000	 0.106668109	26.402954897	-1.543456330	164.795016976	 0.224924774	         0.000000000	         0.002132297	         0.002132297
 20916	      -85000	 0.108043764	26.327790236	 5.312996708	164.488669023	 0.222587019	         0.000000000	         0.002335404	         0.002335404
 20917	      -84000	 0.109259935	26.244140463	12.093140301	164.144241175	 0.220013917	         0.000000000	         0.002514611	         0.002514611
 20918	      -83000	 0.110408185	26.151993854	18.843266466	163.788915135	 0.217213866	         0.000000000	         0.002683384	         0.002683384
 20919	      -82000	 0.111609594	26.052463392	25.574114090	163.416315292	 0.214229461	         0.000000000	         0.002827320	         0.002827320
 20920	      -81000	 0.112501109	25.946124628	32.336435922	163.039975957	 0.211086205	         0.000000000	         0.002951263	         0.002951263
 20921	      -80000	 0.113406621	25.833775016	38.994944817	162.659199317	 0.207815363	         0.000000000	         0.003034439	         0.003034439
 20922	      -79000	 0.114262012	25.716485790	45.670824323	162.275037906	 0.204454775	         0.000000000	         0.003081793	         0.003081793
 20923	      -78000	 0.114959478	25.594536256	52.460908210	161.889205657	 0.201018274	         0.000000000	         0.003092569	         0.003092569
 20924	      -77000	 0.115469999	25.469291967	59.116301864	161.507713802	 0.197549041	         0.000000000	         0.003050552	         0.003050552
 20925	      -76000	 0.116021941	25.341276495	65.800550868	161.127844341	 0.194064914	         0.000000000	         0.002964727	         0.002964727
 20926	      -75000	 0.116517503	25.210584791	72.546362805	160.860110549	 0.190571331	         0.000000000	         0.002989979	         0.002989979
 20927	      -74000	 0.116826335	25.078499544	79.258085071	160.388881758	 0.187104394	         0.000000000	         0.002683718	         0.002683718
 20928	      -73000	 0.117170715	24.945015705	85.940955413	160.136398303	 0.183664819	         0.000000000	         0.002627092	         0.002627092
 20929	      -72000	 0.117469291	24.810374084	92.589489467	159.798863476	 0.180259463	         0.000000000	         0.002416997	         0.002416997
 20930	      -71000	 0.117543929	24.675477741	99.298374357	159.461752805	 0.176910983	         0.000000000	         0.002173624	         0.002173624
 20931	      -70000	 0.117618325	24.539939096	105.940208940	159.125534346	 0.173609203	         0.000000000	         0.001913064	         0.001913064
 20932	      -69000	 0.117522174	24.404474741	112.524463742	158.678682024	 0.170370805	         0.000000000	         0.001539681	         0.001539681
 20933	      -68000	 0.117449283	24.269751992	119.183202480	158.361793526	 0.167210050	         0.000000000	         0.001290626	         0.001290626
 20934	      -67000	 0.117090878	24.135524532	125.821109120	158.197635720	 0.164119232	         0.000000000	         0.001150593	         0.001150593
 20935	      -66000	 0.116695719	24.003138132	132.442937564	157.898807214	 0.161126775	         0.000000000	         0.000917315	         0.000917315
 20936	      -65000	 0.116303997	23.872912780	139.025205085	157.617485925	 0.158236406	         0.000000000	         0.000718933	         0.000718933
 20937	      -64000	 0.115626432	23.745097477	145.748638834	157.206913299	 0.155449952	         0.000000000	         0.000493812	         0.000493812
 20938	      -63000	 0.114999642	23.621418574	152.379810965	156.947600387	 0.152800395	         0.000000000	         0.000362695	         0.000362695
 20939	      -62000	 0.114283649	23.501979354	159.003532598	156.701584719	 0.150284537	         0.000000000	         0.000256382	         0.000256382
 20940	      -61000	 0.113531030	23.387438017	165.788285431	156.464897988	 0.147910767	         0.000000000	         0.000169948	         0.000169948
 20941	      -60000	 0.112551005	23.279325931	172.409679135	156.250189530	 0.145704644	         0.000000000	         0.000106434	         0.000106434
 20942	      -59000	 0.111658036	23.177564718	179.133667452	156.029600756	 0.143658187	         0.000000000	         0.000059946	         0.000059946
 20943	      -58000	 0.110711029	23.082932068	-174.188779185	155.849000470	 0.141780890	         0.000000000	         0.000031410	         0.000031410
 20944	      -57000	 0.109515538	22.996088468	-167.406446767	155.719334533	 0.140079704	         0.000000000	         0.000015509	         0.000015509
 20945	      -56000	 0.108363066	22.916897378	-160.680149192	155.616825517	 0.138546224	         0.000000000	         0.000007526	         0.000007526
 20946	      -55000	 0.107077802	22.845945713	-153.941067852	155.534874116	 0.137186557	         0.000000000	         0.000003287	         0.000003287
 20947	      -54000	 0.105870971	22.782890099	-147.097706932	155.496985622	 0.135989408	         0.000000000	         0.000001083	         0.000001083
 20948	      -53000	 0.104417335	22.727644816	-140.251906593	155.486828839	 0.134949132	         0.000000000	         0.000000087	         0.000000087
 20949	      -52000	 0.102994626	22.680345848	-133.366406660	155.510354168	 0.134064812	         0.000000000	         0.000000000	         0.000000000
 20950	      -51000	 0.101645415	22.640205081	-126.436007151	155.555090223	 0.133318871	         0.000000000	         0.000000000	         0.000000000
 20951	      -50000	 0.100119271	22.607092644	-119.417466034	155.634378279	 0.132706664	         0.000000000	         0.000000000	         0.000000000
 20952	      -49000	 0.098719944	22.580843085	-112.431172354	155.741730885	 0.132223341	         0.000000000	         0.000000000	         0.000000000
 20953	      -48000	 0.097327639	22.560765671	-105.413531728	155.856929916	 0.131854851	         0.000000000	         0.000000000	         0.000000000
 20954	      -47000	 0.095885444	22.546799816	-98.199139184	155.996157758	 0.131599136	         0.000000000	         0.000000000	         0.000000000
 20955	      -46000	 0.094317785	22.538581050	-91.111280432	156.130366160	 0.131448882	         0.000000000	         0.000000000	         0.000000000
 20956	      -45000	 0.092896913	22.535811908	-83.975039159	156.285217291	 0.131398296	         0.000000000	         0.000000000	         0.000000000
 20957	      -44000	 0.091485680	22.538513383	-76.684787866	156.423661941	 0.131447645	         0.000000000	         0.000000000	         0.000000000
 20958	      -43000	 0.089945496	22.546225509	-69.303197442	156.547890991	 0.131588631	         0.000000000	         0.000000000	         0.000000000
 20959	      -42000	 0.088494078	22.558982839	-61.940482079	156.670150612	 0.131822180	         0.000000000	         0.000000000	         0.000000000
 20960	      -41000	 0.087043053	22.576574128	-54.500406596	156.765545056	 0.132144905	         0.000000000	         0.000000000	         0.000000000
 20961	      -40000	 0.085663300	22.598675755	-46.906747096	156.860805275	 0.132551495	         0.000000000	         0.000000000	         0.000000000
 20962	      -39000	 0.084406687	22.625248227	-39.268699058	156.931361216	 0.133041989	         0.000000000	         0.000000000	         0.000000000
 20963	      -38000	 0.083106709	22.655842399	-31.584854197	156.969446616	 0.133608966	         0.000000000	         0.000000000	         0.000000000
 20964	      -37000	 0.082107173	22.690279986	-23.777141751	157.017835537	 0.134250062	         0.000000000	         0.000000000	         0.000000000
 20965	      -36000	 0.080938392	22.728272811	-15.967998783	157.039163326	 0.134960913	         0.000000000	         0.000000000	         0.000000000
 20966	      -35000	 0.079978433	22.769121224	-8.166579713	157.052295157	 0.135729391	         0.000000000	         0.000000000	         0.000000000
 20967	      -34000	 0.079200362	22.812710091	-0.359243973	157.078310122	 0.136554251	         0.000000000	         0.000000000	         0.000000000
 20968	      -33000	 0.078368383	22.858599208	 7.685635996	157.084165456	 0.137428058	         0.000000000	         0.000000000	         0.000000000
 20969	      -32000	 0.077598151	22.906127907	15.553126894	157.095458074	 0.138338981	         0.000000000	         0.000000000	         0.000000000
 20970	      -31000	 0.076900570	22.955183869	23.468249189	157.089584944	 0.139285507	         0.000000000	         0.000000000	         0.000000000
 20971	      -30000	 0.076487262	23.005260569	31.480229612	157.089624944	 0.140258409	         0.000000000	         0.000000000	         0.000000000
 20972	      -29000	 0.075902330	23.056244648	39.540608954	157.093290064	 0.141255921	         0.000000000	         0.000000000	         0.000000000
 20973	      -28000	 0.075595269	23.107801237	47.564478212	157.090206529	 0.142271848	         0.000000000	         0.000000000	         0.000000000
 20974	      -27000	 0.075350067	23.159537581	55.577029363	157.096788586	 0.143298663	         0.000000000	         0.000000000	         0.000000000
 20975	      -26000	 0.075234139	23.211862617	63.692760471	157.103068252	 0.144344699	         0.000000000	         0.000000586	         0.000000586
 20976	      -25000	 0.075264147	23.264376467	71.597343917	157.110804488	 0.145402187	         0.000000000	         0.000017157	         0.000017157
 20977	      -24000	 0.075386364	23.316994403	79.578954515	157.123566994	 0.146469542	         0.000000000	         0.000048168	         0.000048168
 20978	      -23000	 0.075664484	23.370248521	87.487799704	157.141395986	 0.147557779	         0.000000000	         0.000081745	         0.000081745
 20979	      -22000	 0.075904585	23.423836015	95.314103165	157.160567609	 0.148660991	         0.000000000	         0.000115435	         0.000115435
 20980	      -21000	 0.076213925	23.477962509	103.033806906	157.198082807	 0.149783672	         0.000000000	         0.000150569	         0.000150569
 20981	      -20000	 0.076713896	23.533051402	110.676182490	157.240582027	 0.150935022	         0.000000000	         0.000184567	         0.000184567
 20982	      -19000	 0.077230707	23.588964380	118.452530545	157.279529773	 0.152112644	         0.000000000	         0.000214482	         0.000214482
 20983	      -18000	 0.077641295	23.646252412	125.960268988	157.338525879	 0.153328758	         0.000000000	         0.000236669	         0.000236669
 20984	      -17000	 0.078233217	23.705011777	133.450221427	157.414630572	 0.154586207	         0.000000000	         0.000256570	         0.000256570
 20985	      -16000	 0.079013665	23.765397277	140.960763547	157.528381557	 0.155889200	         0.000000000	         0.000281451	         0.000281451
 20986	      -15000	 0.079622813	23.828158458	148.371787505	157.640354019	 0.157255096	         0.000000000	         0.000299318	         0.000299318
 20987	      -14000	 0.080432836	23.893156113	155.665201935	157.771101939	 0.158682282	         0.000000000	         0.000315422	         0.000315422
 20988	      -13000	 0.081318133	23.960901417	162.914934246	158.075892061	 0.160183587	         0.000000000	         0.000368626	         0.000368626
 20989	      -12000	 0.082179039	24.031878352	170.097559659	158.113710506	 0.161771747	         0.000000000	         0.000339479	         0.000339479
 20990	      -11000	 0.083078657	24.105961246	177.133908653	158.318208455	 0.163446201	         0.000000000	         0.000344766	         0.000344766
 20991	      -10000	 0.084058613	24.183811399	-175.917851386	158.687569233	 0.165224485	         0.000000000	         0.000382798	         0.000382798
 20992	       -9000	 0.085022293	24.265555248	-168.930289777	158.787426923	 0.167112537	         0.000000000	         0.000337718	         0.000337718
 20993	       -8000	 0.085893190	24.351202710	-162.124041770	159.084837519	 0.169113901	         0.000000000	         0.000332517	         0.000332517
 20994	       -7000	 0.086789046	24.441161342	-155.329110324	159.412443395	 0.171241819	         0.000000000	         0.000323903	         0.000323903
 20995	       -6000	 0.087816822	24.535253348	-148.611102880	159.761097644	 0.173496165	         0.000000000	         0.000311507	         0.000311507
 20996	       -5000	 0.088700617	24.633724519	-141.855828162	160.132228534	 0.175887219	         0.000000000	         0.000294419	         0.000294419
 20997	       -4000	 0.089582487	24.736458153	-135.201045521	160.528473903	 0.178416903	         0.000000000	         0.000276983	         0.000276983
 20998	       -3000	 0.090497330	24.843270758	-128.653555394	160.942000444	 0.181085612	         0.000000000	         0.000259519	         0.000259519
 20999	       -2000	 0.091571466	24.954662590	-121.964549131	161.378272446	 0.183911264	         0.000000000	         0.000240266	         0.000240266
 21000	       -1000	 0.092413567	25.070009643	-115.454439254	161.812490136	 0.186883723	         0.000000000	         0.000223837	         0.000223837
 21001	           0	 0.093315101	25.189417000	-108.955069177	162.262495141	 0.190011433	         0.000000000	         0.000211900	         0.000211900
